496608 0.0
496609 0.0
496610 0.0
496611 0.0
496612 0.0
496613 0.002
496614 0.002
496615 0.002
496616 0.002
496617 0.002
496618 0.002
496619 0.002
496620 0.002
496621 0.002
496622 0.002
496623 0.002
496624 0.002
496625 0.002
496626 0.002
496627 0.002
496628 0.002
496629 0.002
496630 0.002
496631 0.002
496632 0.002
496633 0.002
496634 0.002
496635 0.002
496636 0.002
496637 0.002
496638 0.002
496639 0.002
496640 0.002
496641 0.002
496642 0.002
496643 0.002
496644 0.002
496645 0.002
496646 0.002
496647 0.0
496648 0.0
496649 0.0
496650 0.0
496651 0.0
496652 0.0
496653 0.0
496654 0.0
496655 0.0
496656 0.0
496657 0.0
496658 0.0
496659 0.0
496660 0.0
496661 0.0
496662 0.0
496663 0.0
496664 0.0
496665 0.0
496666 0.0
496667 0.0
496668 -0.002
496669 -0.002
496670 -0.002
496671 -0.002
496672 -0.002
496673 -0.004
496674 -0.004
496675 -0.004
496676 -0.004
496677 -0.006
496678 -0.006
496679 -0.006
496680 -0.006
496681 -0.006
496682 -0.006
496683 -0.006
496684 -0.006
496685 -0.008
496686 -0.008
496687 -0.008
496688 -0.006
496689 -0.006
496690 -0.006
496691 -0.006
496692 -0.004
496693 -0.004
496694 -0.004
496695 -0.002
496696 -0.002
496697 0.0
496698 0.0
496699 0.002
496700 0.002
496701 0.004
496702 0.006
496703 0.006
496704 0.008
496705 0.008
496706 0.01
496707 0.01
496708 0.012
496709 0.012
496710 0.012
496711 0.012
496712 0.012
496713 0.01
496714 0.01
496715 0.008
496716 0.008
496717 0.006
496718 0.006
496719 0.004
496720 0.002
496721 0.002
496722 0.0
496723 0.0
496724 0.0
496725 0.0
496726 0.0
496727 -0.002
496728 -0.002
496729 -0.002
496730 -0.002
496731 -0.002
496732 -0.004
496733 -0.004
496734 -0.004
496735 -0.004
496736 -0.004
496737 -0.004
496738 -0.004
496739 -0.004
496740 -0.004
496741 -0.004
496742 -0.004
496743 -0.004
496744 -0.004
496745 -0.004
496746 -0.004
496747 -0.004
496748 -0.004
496749 -0.004
496750 -0.004
496751 -0.004
496752 -0.004
496753 -0.004
496754 -0.004
496755 -0.002
496756 -0.002
496757 -0.002
496758 0.0
496759 0.0
496760 0.0
496761 0.002
496762 0.002
496763 0.002
496764 0.002
496765 0.004
496766 0.004
496767 0.004
496768 0.004
496769 0.004
496770 0.004
496771 0.004
496772 0.004
496773 0.004
496774 0.004
496775 0.002
496776 0.002
496777 0.002
496778 0.002
496779 0.002
496780 0.002
496781 0.002
496782 0.0
496783 0.0
496784 0.0
496785 0.0
496786 0.0
496787 -0.002
496788 -0.002
496789 -0.004
496790 -0.004
496791 -0.004
496792 -0.006
496793 -0.006
496794 -0.006
496795 -0.006
496796 -0.006
496797 -0.006
496798 -0.006
496799 -0.004
496800 -0.004
496801 -0.002
496802 -0.002
496803 0.0
496804 0.0
496805 0.002
496806 0.004
496807 0.004
496808 0.006
496809 0.006
496810 0.006
496811 0.006
496812 0.008
496813 0.008
496814 0.008
496815 0.008
496816 0.008
496817 0.008
496818 0.008
496819 0.008
496820 0.008
496821 0.008
496822 0.006
496823 0.006
496824 0.004
496825 0.002
496826 0.002
496827 0.0
496828 -0.002
496829 -0.004
496830 -0.004
496831 -0.006
496832 -0.006
496833 -0.008
496834 -0.008
496835 -0.008
496836 -0.008
496837 -0.006
496838 -0.006
496839 -0.006
496840 -0.006
496841 -0.004
496842 -0.004
496843 -0.004
496844 -0.004
496845 -0.004
496846 -0.004
496847 -0.004
496848 -0.004
496849 -0.004
496850 -0.004
496851 -0.004
496852 -0.004
496853 -0.004
496854 -0.004
496855 -0.004
496856 -0.002
496857 -0.002
496858 -0.002
496859 -0.002
496860 0.0
496861 0.0
496862 0.002
496863 0.002
496864 0.002
496865 0.004
496866 0.004
496867 0.004
496868 0.004
496869 0.004
496870 0.004
496871 0.004
496872 0.004
496873 0.004
496874 0.004
496875 0.004
496876 0.004
496877 0.002
496878 0.002
496879 0.002
496880 0.0
496881 0.0
496882 0.0
496883 -0.002
496884 -0.002
496885 -0.002
496886 -0.002
496887 -0.002
496888 -0.002
496889 -0.002
496890 -0.002
496891 -0.002
496892 -0.002
496893 -0.002
496894 -0.002
496895 0.0
496896 0.0
496897 0.0
496898 0.0
496899 0.0
496900 0.0
496901 0.002
496902 0.002
496903 0.002
496904 0.004
496905 0.004
496906 0.004
496907 0.004
496908 0.006
496909 0.006
496910 0.006
496911 0.006
496912 0.006
496913 0.006
496914 0.006
496915 0.006
496916 0.006
496917 0.006
496918 0.006
496919 0.004
496920 0.004
496921 0.002
496922 0.0
496923 0.0
496924 -0.002
496925 -0.002
496926 -0.004
496927 -0.006
496928 -0.006
496929 -0.006
496930 -0.006
496931 -0.008
496932 -0.008
496933 -0.008
496934 -0.01
496935 -0.01
496936 -0.01
496937 -0.01
496938 -0.008
496939 -0.008
496940 -0.008
496941 -0.008
496942 -0.008
496943 -0.006
496944 -0.006
496945 -0.006
496946 -0.004
496947 -0.004
496948 -0.004
496949 -0.004
496950 -0.002
496951 -0.002
496952 -0.002
496953 -0.002
496954 0.0
496955 0.0
496956 0.002
496957 0.002
496958 0.004
496959 0.004
496960 0.004
496961 0.006
496962 0.006
496963 0.006
496964 0.008
496965 0.008
496966 0.008
496967 0.008
496968 0.008
496969 0.008
496970 0.008
496971 0.008
496972 0.008
496973 0.008
496974 0.008
496975 0.008
496976 0.008
496977 0.008
496978 0.008
496979 0.006
496980 0.006
496981 0.006
496982 0.004
496983 0.004
496984 0.002
496985 0.002
496986 0.002
496987 0.0
496988 0.0
496989 -0.002
496990 -0.002
496991 -0.004
496992 -0.004
496993 -0.004
496994 -0.006
496995 -0.006
496996 -0.006
496997 -0.008
496998 -0.008
496999 -0.008
497000 -0.008
497001 -0.008
497002 -0.008
497003 -0.008
497004 -0.008
497005 -0.006
497006 -0.006
497007 -0.006
497008 -0.004
497009 -0.004
497010 -0.004
497011 -0.002
497012 -0.002
497013 -0.002
497014 0.0
497015 0.0
497016 0.0
497017 0.0
497018 0.0
497019 0.0
497020 0.002
497021 0.002
497022 0.002
497023 0.002
497024 0.002
497025 0.002
497026 0.002
497027 0.002
497028 0.004
497029 0.004
497030 0.004
497031 0.004
497032 0.004
497033 0.004
497034 0.004
497035 0.004
497036 0.004
497037 0.004
497038 0.004
497039 0.004
497040 0.004
497041 0.004
497042 0.004
497043 0.004
497044 0.004
497045 0.004
497046 0.002
497047 0.002
497048 0.002
497049 0.002
497050 0.0
497051 0.0
497052 0.0
497053 0.0
497054 -0.002
497055 -0.002
497056 -0.002
497057 -0.002
497058 -0.002
497059 -0.004
497060 -0.004
497061 -0.004
497062 -0.004
497063 -0.004
497064 -0.006
497065 -0.006
497066 -0.006
497067 -0.006
497068 -0.006
497069 -0.006
497070 -0.006
497071 -0.008
497072 -0.008
497073 -0.008
497074 -0.006
497075 -0.006
497076 -0.006
497077 -0.006
497078 -0.006
497079 -0.004
497080 -0.004
497081 -0.004
497082 -0.004
497083 -0.004
497084 -0.002
497085 -0.002
497086 -0.002
497087 0.0
497088 0.0
497089 0.002
497090 0.002
497091 0.002
497092 0.004
497093 0.004
497094 0.004
497095 0.006
497096 0.006
497097 0.006
497098 0.006
497099 0.008
497100 0.008
497101 0.008
497102 0.008
497103 0.01
497104 0.01
497105 0.01
497106 0.012
497107 0.012
497108 0.012
497109 0.012
497110 0.012
497111 0.012
497112 0.012
497113 0.012
497114 0.012
497115 0.012
497116 0.01
497117 0.01
497118 0.008
497119 0.008
497120 0.006
497121 0.006
497122 0.004
497123 0.002
497124 0.002
497125 0.0
497126 0.0
497127 -0.002
497128 -0.004
497129 -0.004
497130 -0.006
497131 -0.006
497132 -0.008
497133 -0.008
497134 -0.01
497135 -0.012
497136 -0.012
497137 -0.014
497138 -0.014
497139 -0.016
497140 -0.018
497141 -0.018
497142 -0.02
497143 -0.02
497144 -0.02
497145 -0.022
497146 -0.022
497147 -0.022
497148 -0.022
497149 -0.024
497150 -0.022
497151 -0.022
497152 -0.022
497153 -0.022
497154 -0.02
497155 -0.02
497156 -0.02
497157 -0.018
497158 -0.016
497159 -0.016
497160 -0.014
497161 -0.012
497162 -0.01
497163 -0.008
497164 -0.006
497165 -0.002
497166 0.0
497167 0.004
497168 0.006
497169 0.008
497170 0.012
497171 0.014
497172 0.016
497173 0.02
497174 0.022
497175 0.024
497176 0.026
497177 0.03
497178 0.032
497179 0.032
497180 0.034
497181 0.036
497182 0.036
497183 0.036
497184 0.036
497185 0.036
497186 0.034
497187 0.034
497188 0.034
497189 0.032
497190 0.032
497191 0.03
497192 0.03
497193 0.028
497194 0.026
497195 0.024
497196 0.024
497197 0.022
497198 0.018
497199 0.016
497200 0.016
497201 0.012
497202 0.01
497203 0.008
497204 0.006
497205 0.002
497206 -0.002
497207 -0.004
497208 -0.008
497209 -0.01
497210 -0.014
497211 -0.016
497212 -0.02
497213 -0.022
497214 -0.026
497215 -0.03
497216 -0.032
497217 -0.036
497218 -0.04
497219 -0.042
497220 -0.046
497221 -0.048
497222 -0.052
497223 -0.054
497224 -0.058
497225 -0.062
497226 -0.064
497227 -0.066
497228 -0.068
497229 -0.07
497230 -0.07
497231 -0.07
497232 -0.07
497233 -0.068
497234 -0.066
497235 -0.064
497236 -0.06
497237 -0.056
497238 -0.052
497239 -0.046
497240 -0.04
497241 -0.034
497242 -0.026
497243 -0.018
497244 -0.01
497245 0.0
497246 0.01
497247 0.02
497248 0.03
497249 0.042
497250 0.054
497251 0.066
497252 0.08
497253 0.092
497254 0.106
497255 0.12
497256 0.136
497257 0.15
497258 0.164
497259 0.18
497260 0.196
497261 0.218
497262 0.226
497263 0.214
497264 0.206
497265 0.176
497266 0.146
497267 0.108
497268 0.062
497269 -0.02
497270 -0.066
497271 -0.108
497272 -0.112
497273 -0.118
497274 -0.108
497275 -0.098
497276 -0.096
497277 -0.098
497278 -0.094
497279 -0.1
497280 -0.09
497281 -0.086
497282 -0.088
497283 -0.086
497284 -0.08
497285 -0.08
497286 -0.094
497287 -0.098
497288 -0.104
497289 -0.098
497290 -0.09
497291 -0.074
497292 -0.056
497293 -0.038
497294 -0.034
497295 -0.038
497296 -0.038
497297 -0.03
497298 -0.032
497299 -0.016
497300 -0.006
497301 -0.012
497302 -0.002
497303 0.012
497304 0.024
497305 0.036
497306 0.036
497307 0.048
497308 0.044
497309 0.054
497310 0.068
497311 0.062
497312 0.038
497313 0.042
497314 0.01
497315 0.018
497316 0.02
497317 0.024
497318 0.042
497319 0.032
497320 0.032
497321 0.022
497322 0.018
497323 0.01
497324 0.006
497325 0.0
497326 -0.004
497327 -0.002
497328 -0.018
497329 -0.012
497330 0.008
497331 0.0
497332 -0.006
497333 -0.012
497334 -0.012
497335 -0.012
497336 -0.012
497337 -0.01
497338 -0.008
497339 -0.008
497340 -0.006
497341 -0.004
497342 -0.002
497343 0.0
497344 0.002
497345 0.004
497346 0.01
497347 0.022
497348 0.032
497349 0.024
497350 0.026
497351 0.034
497352 0.052
497353 0.052
497354 0.05
497355 0.05
497356 0.05
497357 0.05
497358 0.054
497359 0.054
497360 0.056
497361 0.06
497362 0.064
497363 0.066
497364 0.076
497365 0.15
497366 0.206
497367 0.162
497368 0.086
497369 -0.024
497370 -0.156
497371 -0.192
497372 -0.184
497373 -0.188
497374 -0.162
497375 -0.158
497376 -0.146
497377 -0.14
497378 -0.126
497379 -0.116
497380 -0.108
497381 -0.096
497382 -0.088
497383 -0.076
497384 -0.062
497385 -0.056
497386 -0.046
497387 -0.038
497388 -0.026
497389 -0.018
497390 -0.01
497391 -0.002
497392 0.006
497393 0.012
497394 0.02
497395 0.026
497396 0.038
497397 0.034
497398 0.04
497399 0.046
497400 0.048
497401 0.05
497402 0.052
497403 0.052
497404 0.052
497405 0.054
497406 0.052
497407 0.05
497408 0.05
497409 0.052
497410 0.05
497411 0.046
497412 0.042
497413 0.038
497414 0.038
497415 0.036
497416 0.032
497417 0.032
497418 0.028
497419 0.03
497420 0.028
497421 0.026
497422 0.024
497423 0.022
497424 0.02
497425 0.018
497426 0.014
497427 0.012
497428 0.008
497429 0.006
497430 0.002
497431 0.0
497432 -0.004
497433 -0.004
497434 -0.008
497435 -0.01
497436 -0.014
497437 -0.016
497438 -0.018
497439 -0.02
497440 -0.02
497441 -0.024
497442 -0.026
497443 -0.024
497444 -0.028
497445 -0.028
497446 -0.028
497447 -0.026
497448 -0.028
497449 -0.026
497450 -0.026
497451 -0.026
497452 -0.024
497453 -0.024
497454 -0.022
497455 -0.022
497456 -0.02
497457 -0.02
497458 -0.018
497459 -0.018
497460 -0.016
497461 -0.014
497462 -0.012
497463 -0.012
497464 -0.01
497465 -0.01
497466 -0.006
497467 -0.006
497468 -0.004
497469 -0.004
497470 -0.004
497471 -0.002
497472 -0.002
497473 0.0
497474 -0.002
497475 0.002
497476 0.002
497477 0.004
497478 0.004
497479 0.004
497480 0.006
497481 0.008
497482 0.008
497483 0.01
497484 0.01
497485 0.01
497486 0.014
497487 0.012
497488 0.014
497489 0.016
497490 0.018
497491 0.016
497492 0.018
497493 0.018
497494 0.018
497495 0.018
497496 0.018
497497 0.018
497498 0.016
497499 0.016
497500 0.016
497501 0.014
497502 0.012
497503 0.012
497504 0.01
497505 0.008
497506 0.008
497507 0.004
497508 0.004
497509 0.002
497510 0.002
497511 -0.002
497512 -0.002
497513 -0.002
497514 -0.004
497515 -0.006
497516 -0.006
497517 -0.008
497518 -0.008
497519 -0.008
497520 -0.008
497521 -0.008
497522 -0.01
497523 -0.008
497524 -0.008
497525 -0.008
497526 -0.008
497527 -0.006
497528 -0.006
497529 -0.008
497530 -0.006
497531 -0.006
497532 -0.004
497533 -0.004
497534 -0.004
497535 -0.002
497536 -0.004
497537 -0.002
497538 0.0
497539 -0.002
497540 -0.002
497541 0.0
497542 0.0
497543 0.0
497544 -0.002
497545 0.0
497546 0.002
497547 -0.002
497548 0.0
497549 0.002
497550 0.0
497551 0.0
497552 0.0
497553 0.0
497554 -0.002
497555 -0.002
497556 -0.004
497557 -0.004
497558 -0.002
497559 -0.002
497560 -0.004
497561 -0.002
497562 -0.004
497563 -0.004
497564 -0.004
497565 -0.004
497566 -0.004
497567 -0.004
497568 -0.006
497569 -0.004
497570 -0.002
497571 -0.004
497572 -0.002
497573 -0.002
497574 0.0
497575 0.002
497576 0.002
497577 -0.002
497578 0.002
497579 0.004
497580 0.004
497581 0.002
497582 0.004
497583 0.004
497584 0.004
497585 0.004
497586 0.008
497587 0.006
497588 0.006
497589 0.006
497590 0.008
497591 0.004
497592 0.004
497593 0.002
497594 0.004
497595 0.004
497596 0.002
497597 0.002
497598 0.008
497599 0.004
497600 0.002
497601 0.0
497602 0.002
497603 0.0
497604 0.002
497605 0.002
497606 0.002
497607 0.004
497608 0.002
497609 0.002
497610 0.002
497611 0.002
497612 0.002
497613 0.004
497614 0.002
497615 0.004
497616 0.002
497617 0.002
497618 0.002
497619 0.002
497620 0.002
497621 0.0
497622 0.0
497623 0.0
497624 -0.002
497625 -0.004
497626 -0.004
497627 -0.002
497628 -0.004
497629 -0.006
497630 -0.004
497631 -0.006
497632 -0.006
497633 -0.006
497634 -0.008
497635 -0.008
497636 -0.008
497637 -0.01
497638 -0.01
497639 -0.008
497640 -0.012
497641 -0.006
497642 -0.008
497643 -0.01
497644 -0.008
497645 -0.008
497646 -0.008
497647 -0.01
497648 -0.002
497649 -0.004
497650 -0.002
497651 0.002
497652 0.004
497653 0.002
497654 0.002
497655 0.004
497656 0.006
497657 0.006
497658 0.01
497659 0.016
497660 0.004
497661 0.008
497662 0.01
497663 0.006
497664 0.008
497665 0.012
497666 0.01
497667 0.008
497668 0.01
497669 0.01
497670 0.01
497671 0.008
497672 0.008
497673 0.008
497674 0.006
497675 0.006
497676 0.006
497677 0.004
497678 0.002
497679 0.004
497680 0.002
497681 0.0
497682 0.0
497683 0.0
497684 -0.004
497685 -0.004
497686 -0.004
497687 -0.006
497688 -0.006
497689 -0.006
497690 -0.008
497691 -0.008
497692 -0.01
497693 -0.012
497694 -0.012
497695 -0.012
497696 -0.012
497697 -0.014
497698 -0.012
497699 -0.014
497700 -0.014
497701 -0.014
497702 -0.014
497703 -0.012
497704 -0.01
497705 -0.008
497706 -0.006
497707 -0.004
497708 -0.004
497709 -0.002
497710 0.0
497711 0.0
497712 0.002
497713 0.002
497714 0.004
497715 0.006
497716 0.006
497717 0.008
497718 0.008
497719 0.01
497720 0.012
497721 0.012
497722 0.014
497723 0.014
497724 0.012
497725 0.014
497726 0.014
497727 0.014
497728 0.014
497729 0.014
497730 0.014
497731 0.014
497732 0.014
497733 0.012
497734 0.012
497735 0.01
497736 0.008
497737 0.004
497738 -0.004
497739 -0.004
497740 0.008
497741 0.0
497742 0.004
497743 0.0
497744 -0.004
497745 -0.004
497746 -0.004
497747 -0.006
497748 -0.008
497749 -0.01
497750 -0.012
497751 -0.01
497752 -0.01
497753 -0.008
497754 -0.01
497755 -0.012
497756 -0.01
497757 -0.006
497758 -0.008
497759 -0.008
497760 -0.008
497761 -0.01
497762 -0.01
497763 -0.012
497764 -0.01
497765 -0.008
497766 -0.006
497767 -0.006
497768 -0.006
497769 -0.006
497770 -0.004
497771 -0.004
497772 -0.002
497773 -0.002
497774 -0.002
497775 -0.004
497776 -0.002
497777 0.0
497778 0.0
497779 0.0
497780 0.0
497781 0.002
497782 0.002
497783 0.002
497784 0.004
497785 0.002
497786 0.004
497787 0.004
497788 0.004
497789 0.006
497790 0.006
497791 0.006
497792 0.008
497793 0.008
497794 0.008
497795 0.008
497796 0.01
497797 0.01
497798 0.008
497799 0.008
497800 0.01
497801 0.01
497802 0.01
497803 0.01
497804 0.01
497805 0.01
497806 0.008
497807 0.008
497808 0.008
497809 0.008
497810 0.008
497811 0.006
497812 0.006
497813 -0.002
497814 -0.004
497815 0.002
497816 -0.004
497817 -0.008
497818 0.0
497819 0.002
497820 0.002
497821 0.0
497822 -0.006
497823 -0.006
497824 -0.018
497825 -0.018
497826 -0.014
497827 -0.014
497828 -0.008
497829 -0.008
497830 -0.008
497831 -0.01
497832 -0.012
497833 -0.012
497834 -0.01
497835 -0.012
497836 -0.012
497837 -0.01
497838 -0.01
497839 -0.01
497840 -0.008
497841 -0.008
497842 -0.006
497843 -0.006
497844 -0.006
497845 -0.004
497846 -0.002
497847 -0.002
497848 -0.002
497849 -0.002
497850 0.0
497851 0.0
497852 0.002
497853 0.004
497854 0.004
497855 0.004
497856 0.004
497857 0.006
497858 0.008
497859 0.006
497860 0.006
497861 0.006
497862 0.008
497863 0.008
497864 0.006
497865 0.008
497866 0.008
497867 0.008
497868 0.008
497869 0.006
497870 0.008
497871 0.008
497872 0.008
497873 0.02
497874 0.012
497875 0.01
497876 0.008
497877 0.0
497878 0.0
497879 0.002
497880 0.0
497881 0.0
497882 0.0
497883 0.004
497884 0.006
497885 0.006
497886 0.006
497887 -0.004
497888 -0.002
497889 -0.002
497890 -0.004
497891 -0.002
497892 -0.004
497893 -0.004
497894 -0.006
497895 -0.006
497896 -0.006
497897 -0.006
497898 -0.008
497899 -0.006
497900 -0.008
497901 -0.008
497902 -0.008
497903 -0.006
497904 -0.008
497905 -0.008
497906 -0.006
497907 -0.008
497908 -0.006
497909 -0.006
497910 -0.006
497911 -0.006
497912 -0.004
497913 -0.006
497914 -0.004
497915 -0.004
497916 -0.006
497917 -0.002
497918 -0.002
497919 -0.002
497920 0.0
497921 -0.002
497922 0.0
497923 0.0
497924 0.002
497925 0.002
497926 0.002
497927 0.002
497928 0.004
497929 0.004
497930 0.006
497931 0.008
497932 0.008
497933 0.008
497934 0.01
497935 0.008
497936 0.01
497937 0.01
497938 0.01
497939 0.01
497940 0.01
497941 0.01
497942 0.004
497943 0.002
497944 0.006
497945 0.002
497946 -0.002
497947 0.012
497948 0.006
497949 0.008
497950 0.008
497951 0.002
497952 -0.002
497953 -0.008
497954 -0.012
497955 -0.01
497956 -0.014
497957 -0.006
497958 -0.008
497959 -0.002
497960 -0.006
497961 -0.006
497962 -0.01
497963 -0.006
497964 -0.008
497965 -0.006
497966 -0.008
497967 -0.004
497968 -0.004
497969 -0.004
497970 -0.004
497971 -0.002
497972 0.0
497973 0.002
497974 0.002
497975 0.0
497976 0.0
497977 0.002
497978 0.002
497979 0.004
497980 0.004
497981 0.004
497982 0.002
497983 0.0
497984 0.0
497985 0.002
497986 0.0
497987 0.004
497988 0.004
497989 0.0
497990 0.0
497991 0.0
497992 0.002
497993 0.0
497994 -0.002
497995 -0.002
497996 -0.002
497997 0.0
497998 0.0
497999 0.0
498000 0.002
498001 0.0
498002 0.006
498003 0.006
498004 0.01
498005 0.004
498006 0.0
498007 -0.004
498008 -0.004
498009 -0.002
498010 -0.002
498011 -0.002
498012 0.0
498013 0.004
498014 0.006
498015 0.002
498016 0.0
498017 0.002
498018 0.002
498019 0.0
498020 0.0
498021 -0.002
498022 0.0
498023 0.0
498024 0.0
498025 0.0
498026 0.0
498027 0.0
498028 0.0
498029 0.0
498030 0.0
498031 0.0
498032 -0.002
498033 -0.002
498034 -0.002
498035 -0.002
498036 -0.002
498037 -0.004
498038 -0.002
498039 0.0
498040 -0.002
498041 -0.002
498042 -0.002
498043 -0.002
498044 -0.002
498045 -0.002
498046 -0.002
498047 0.0
498048 -0.002
498049 0.0
498050 0.0
498051 0.002
498052 0.0
498053 0.0
498054 0.0
498055 0.0
498056 0.002
498057 0.0
498058 0.0
498059 -0.002
498060 0.0
498061 0.002
498062 0.002
498063 0.002
498064 0.0
498065 0.002
498066 0.002
498067 0.004
498068 0.002
498069 0.004
498070 0.004
498071 0.004
498072 -0.002
498073 0.0
498074 0.002
498075 0.0
498076 -0.004
498077 0.012
498078 0.004
498079 0.008
498080 0.01
498081 0.004
498082 0.004
498083 -0.002
498084 -0.004
498085 -0.006
498086 -0.012
498087 -0.004
498088 0.0
498089 0.002
498090 -0.002
498091 -0.004
498092 -0.006
498093 -0.006
498094 -0.006
498095 -0.004
498096 -0.006
498097 -0.004
498098 -0.004
498099 -0.002
498100 -0.002
498101 0.0
498102 0.0
498103 0.0
498104 0.002
498105 0.004
498106 0.002
498107 0.004
498108 -0.002
498109 -0.002
498110 0.002
498111 -0.006
498112 0.0
498113 0.004
498114 0.004
498115 0.006
498116 0.004
498117 0.004
498118 0.002
498119 0.004
498120 0.002
498121 0.002
498122 0.0
498123 0.0
498124 0.002
498125 0.002
498126 0.002
498127 0.006
498128 0.004
498129 0.004
498130 0.004
498131 0.004
498132 0.002
498133 0.002
498134 0.0
498135 0.002
498136 -0.002
498137 0.002
498138 0.0
498139 0.0
498140 -0.002
498141 -0.004
498142 0.0
498143 -0.006
498144 -0.004
498145 -0.004
498146 -0.008
498147 -0.006
498148 -0.008
498149 -0.008
498150 -0.01
498151 -0.008
498152 -0.008
498153 -0.008
498154 -0.006
498155 -0.002
498156 -0.008
498157 -0.004
498158 -0.006
498159 -0.006
498160 0.004
498161 0.004
498162 0.006
498163 0.004
498164 0.008
498165 0.006
498166 0.002
498167 0.004
498168 0.004
498169 0.006
498170 0.006
498171 0.004
498172 0.002
498173 0.004
498174 0.004
498175 0.002
498176 0.004
498177 -0.004
498178 0.002
498179 0.0
498180 0.006
498181 0.002
498182 0.002
498183 0.002
498184 0.004
498185 0.002
498186 0.002
498187 0.002
498188 0.002
498189 0.002
498190 0.002
498191 0.002
498192 0.0
498193 0.0
498194 0.0
498195 0.0
498196 -0.002
498197 -0.002
498198 -0.002
498199 -0.002
498200 -0.004
498201 -0.004
498202 -0.004
498203 -0.006
498204 -0.004
498205 -0.002
498206 -0.006
498207 -0.006
498208 -0.006
498209 -0.004
498210 -0.004
498211 -0.002
498212 -0.002
498213 -0.002
498214 -0.004
498215 0.0
498216 0.0
498217 -0.002
498218 0.0
498219 0.002
498220 0.002
498221 0.002
498222 0.004
498223 0.004
498224 0.002
498225 0.002
498226 0.004
498227 0.004
498228 0.002
498229 0.004
498230 0.002
498231 -0.004
498232 -0.008
498233 0.002
498234 0.004
498235 -0.004
498236 0.002
498237 0.002
498238 0.0
498239 0.0
498240 0.002
498241 0.002
498242 0.0
498243 0.002
498244 0.0
498245 -0.002
498246 0.002
498247 0.002
498248 -0.004
498249 -0.002
498250 -0.002
498251 -0.008
498252 -0.004
498253 -0.004
498254 -0.002
498255 -0.002
498256 -0.002
498257 0.002
498258 0.002
498259 0.0
498260 0.004
498261 0.002
498262 0.002
498263 0.004
498264 0.002
498265 0.002
498266 0.004
498267 0.002
498268 0.002
498269 0.002
498270 0.0
498271 0.0
498272 0.002
498273 0.002
498274 0.002
498275 0.002
498276 0.004
498277 0.004
498278 -0.002
498279 -0.002
498280 0.006
498281 -0.004
498282 -0.004
498283 0.0
498284 0.0
498285 -0.002
498286 0.0
498287 -0.002
498288 -0.004
498289 -0.004
498290 -0.004
498291 -0.004
498292 -0.004
498293 -0.006
498294 -0.002
498295 -0.006
498296 -0.004
498297 -0.002
498298 -0.002
498299 -0.002
498300 0.0
498301 -0.002
498302 -0.002
498303 0.0
498304 0.002
498305 0.0
498306 0.002
498307 0.004
498308 0.002
498309 0.004
498310 0.004
498311 0.004
498312 0.004
498313 0.004
498314 0.004
498315 0.002
498316 0.002
498317 0.004
498318 0.002
498319 0.002
498320 0.016
498321 -0.008
498322 0.004
498323 0.0
498324 0.002
498325 0.0
498326 -0.002
498327 -0.004
498328 0.0
498329 -0.002
498330 -0.002
498331 -0.004
498332 0.002
498333 0.0
498334 -0.002
498335 0.0
498336 -0.002
498337 -0.002
498338 -0.008
498339 -0.008
498340 -0.004
498341 -0.006
498342 -0.006
498343 -0.002
498344 -0.004
498345 -0.006
498346 -0.002
498347 -0.002
498348 -0.004
498349 -0.002
498350 -0.002
498351 -0.002
498352 0.0
498353 0.0
498354 0.0
498355 0.0
498356 0.0
498357 0.002
498358 0.002
498359 0.002
498360 0.002
498361 0.004
498362 0.002
498363 0.004
498364 0.002
498365 0.002
498366 0.004
498367 0.004
498368 0.004
498369 0.004
498370 0.004
498371 0.004
498372 0.004
498373 0.004
498374 0.002
498375 0.002
498376 0.002
498377 0.002
498378 0.002
498379 0.002
498380 0.002
498381 0.004
498382 0.002
498383 0.002
498384 0.002
498385 0.002
498386 0.0
498387 0.0
498388 -0.002
498389 -0.002
498390 -0.002
498391 -0.004
498392 -0.004
498393 -0.006
498394 -0.004
498395 -0.006
498396 -0.006
498397 -0.006
498398 -0.008
498399 -0.006
498400 -0.006
498401 -0.004
498402 -0.006
498403 -0.006
498404 -0.006
498405 -0.006
498406 -0.006
498407 -0.004
498408 -0.004
498409 -0.004
498410 -0.002
498411 0.0
498412 0.0
498413 0.0
498414 0.0
498415 0.002
498416 0.002
498417 0.002
498418 0.002
498419 0.002
498420 0.004
498421 0.002
498422 0.002
498423 0.002
498424 0.004
498425 0.002
498426 0.004
498427 0.004
498428 0.004
498429 0.004
498430 0.002
498431 0.004
498432 0.004
498433 0.002
498434 0.004
498435 0.004
498436 0.004
498437 0.002
498438 0.004
498439 0.002
498440 0.002
498441 0.002
498442 0.002
498443 0.002
498444 0.002
498445 0.002
498446 -0.002
498447 0.0
498448 -0.002
498449 -0.004
498450 -0.002
498451 -0.002
498452 -0.002
498453 -0.002
498454 -0.002
498455 -0.002
498456 -0.004
498457 -0.002
498458 -0.002
498459 -0.004
498460 -0.002
498461 -0.002
498462 -0.002
498463 -0.002
498464 0.0
498465 0.0
498466 -0.002
498467 0.0
498468 -0.002
498469 -0.002
498470 0.0
498471 -0.002
498472 0.0
498473 0.0
498474 0.0
498475 0.0
498476 0.0
498477 0.002
498478 0.0
498479 0.002
498480 0.002
498481 0.002
498482 0.002
498483 0.004
498484 0.004
498485 0.002
498486 0.004
498487 0.004
498488 0.002
498489 0.002
498490 0.002
498491 0.002
498492 0.004
498493 0.0
498494 0.0
498495 0.0
498496 0.0
498497 0.0
498498 0.0
498499 0.0
498500 0.0
498501 0.0
498502 -0.002
498503 -0.002
498504 -0.002
498505 -0.004
498506 -0.002
498507 -0.006
498508 -0.006
498509 -0.006
498510 -0.006
498511 -0.002
498512 0.0
498513 -0.002
498514 -0.004
498515 -0.008
498516 -0.004
498517 0.0
498518 0.004
498519 0.0
498520 -0.004
498521 0.0
498522 0.006
498523 0.006
498524 0.002
498525 0.0
498526 0.008
498527 0.006
498528 -0.002
498529 0.0
498530 0.006
498531 0.004
498532 -0.006
498533 0.0
498534 0.008
498535 0.0
498536 -0.004
498537 0.004
498538 0.004
498539 -0.006
498540 0.0
498541 0.004
498542 -0.004
498543 -0.002
498544 0.002
498545 -0.008
498546 -0.008
498547 0.004
498548 -0.006
498549 -0.006
498550 0.006
498551 -0.006
498552 -0.004
498553 0.004
498554 -0.01
498555 -0.002
498556 0.006
498557 -0.006
498558 0.004
498559 0.002
498560 -0.006
498561 0.01
498562 0.002
498563 0.002
498564 0.008
498565 -0.006
498566 0.012
498567 0.008
498568 0.0
498569 0.016
498570 0.0
498571 0.014
498572 0.01
498573 -0.002
498574 0.018
498575 -0.002
498576 0.008
498577 0.004
498578 0.002
498579 0.012
498580 -0.008
498581 0.014
498582 -0.004
498583 0.006
498584 0.002
498585 0.0
498586 0.01
498587 -0.008
498588 0.012
498589 -0.012
498590 0.008
498591 -0.012
498592 0.002
498593 -0.006
498594 -0.01
498595 -0.002
498596 -0.016
498597 0.002
498598 -0.022
498599 0.002
498600 -0.024
498601 0.0
498602 -0.026
498603 -0.002
498604 -0.026
498605 -0.004
498606 -0.028
498607 -0.006
498608 -0.024
498609 -0.006
498610 -0.026
498611 -0.004
498612 -0.026
498613 0.002
498614 -0.024
498615 0.004
498616 -0.024
498617 0.006
498618 -0.022
498619 0.01
498620 -0.014
498621 0.01
498622 -0.004
498623 0.006
498624 0.01
498625 -0.002
498626 0.026
498627 -0.006
498628 0.032
498629 0.0
498630 0.03
498631 0.016
498632 0.018
498633 0.034
498634 0.004
498635 0.046
498636 0.008
498637 0.034
498638 0.034
498639 0.01
498640 0.052
498641 0.006
498642 0.038
498643 0.032
498644 -0.002
498645 0.048
498646 0.008
498647 0.01
498648 0.042
498649 -0.016
498650 0.028
498651 0.018
498652 -0.032
498653 0.032
498654 -0.012
498655 -0.032
498656 0.03
498657 -0.038
498658 -0.036
498659 0.026
498660 -0.056
498661 -0.034
498662 0.018
498663 -0.066
498664 -0.038
498665 0.012
498666 -0.07
498667 -0.042
498668 0.014
498669 -0.064
498670 -0.052
498671 0.012
498672 -0.046
498673 -0.062
498674 0.014
498675 -0.02
498676 -0.06
498677 0.008
498678 0.008
498679 -0.04
498680 -0.02
498681 0.02
498682 -0.01
498683 -0.024
498684 0.018
498685 0.02
498686 -0.01
498687 0.004
498688 0.03
498689 0.018
498690 0.0
498691 0.024
498692 0.04
498693 0.02
498694 0.01
498695 0.03
498696 0.038
498697 0.022
498698 0.016
498699 0.026
498700 0.032
498701 0.028
498702 0.02
498703 0.018
498704 0.024
498705 0.024
498706 0.024
498707 0.016
498708 0.012
498709 0.016
498710 0.016
498711 0.012
498712 0.006
498713 0.002
498714 0.006
498715 0.006
498716 0.006
498717 -0.002
498718 -0.004
498719 -0.004
498720 -0.002
498721 -0.004
498722 -0.006
498723 -0.012
498724 -0.014
498725 -0.014
498726 -0.012
498727 -0.01
498728 -0.016
498729 -0.016
498730 -0.02
498731 -0.022
498732 -0.018
498733 -0.016
498734 -0.018
498735 -0.014
498736 -0.014
498737 -0.018
498738 -0.016
498739 -0.014
498740 -0.014
498741 -0.01
498742 -0.01
498743 -0.01
498744 -0.006
498745 -0.006
498746 -0.008
498747 -0.006
498748 -0.004
498749 -0.002
498750 0.0
498751 0.0
498752 0.002
498753 0.002
498754 0.004
498755 0.006
498756 0.004
498757 0.004
498758 0.006
498759 0.008
498760 0.006
498761 0.008
498762 0.008
498763 0.008
498764 0.008
498765 0.008
498766 0.008
498767 0.008
498768 0.01
498769 0.01
498770 0.01
498771 0.01
498772 0.01
498773 0.01
498774 0.008
498775 0.01
498776 0.012
498777 0.008
498778 0.006
498779 0.008
498780 0.006
498781 0.004
498782 0.002
498783 0.004
498784 0.006
498785 0.004
498786 0.002
498787 0.006
498788 0.004
498789 0.004
498790 0.006
498791 0.002
498792 0.002
498793 -0.002
498794 0.004
498795 0.0
498796 0.0
498797 0.002
498798 -0.006
498799 -0.002
498800 -0.002
498801 -0.004
498802 -0.006
498803 -0.004
498804 -0.006
498805 -0.008
498806 -0.008
498807 -0.01
498808 -0.01
498809 -0.01
498810 -0.01
498811 -0.006
498812 -0.006
498813 -0.008
498814 -0.012
498815 -0.01
498816 -0.01
498817 -0.006
498818 -0.006
498819 -0.004
498820 -0.004
498821 -0.006
498822 -0.006
498823 -0.002
498824 -0.004
498825 -0.004
498826 0.0
498827 0.0
498828 0.0
498829 0.004
498830 0.004
498831 0.004
498832 0.004
498833 0.006
498834 0.006
498835 0.006
498836 0.006
498837 0.008
498838 0.006
498839 0.008
498840 0.012
498841 0.006
498842 0.006
498843 0.012
498844 0.006
498845 0.004
498846 0.006
498847 0.008
498848 0.002
498849 0.006
498850 0.006
498851 -0.002
498852 -0.002
498853 0.008
498854 0.002
498855 -0.004
498856 0.0
498857 0.002
498858 -0.002
498859 -0.002
498860 -0.004
498861 -0.006
498862 -0.004
498863 -0.01
498864 -0.012
498865 -0.002
498866 0.008
498867 0.002
498868 -0.006
498869 -0.004
498870 0.002
498871 0.0
498872 -0.008
498873 -0.006
498874 0.002
498875 -0.002
498876 -0.006
498877 -0.004
498878 0.0
498879 -0.002
498880 -0.004
498881 0.002
498882 0.002
498883 -0.004
498884 -0.002
498885 0.006
498886 0.0
498887 0.0
498888 0.0
498889 0.0
498890 -0.004
498891 -0.004
498892 0.0
498893 0.0
498894 -0.004
498895 -0.002
498896 -0.002
498897 -0.002
498898 -0.002
498899 0.0
498900 0.002
498901 0.0
498902 0.0
498903 0.0
498904 0.002
498905 0.002
498906 0.002
498907 0.002
498908 0.002
498909 0.0
498910 0.0
498911 0.004
498912 0.004
498913 -0.002
498914 0.008
498915 0.002
498916 0.004
498917 0.004
498918 -0.004
498919 0.0
498920 0.004
498921 0.004
498922 0.004
498923 0.002
498924 0.006
498925 0.008
498926 0.008
498927 0.004
498928 0.004
498929 0.006
498930 0.01
498931 0.002
498932 0.0
498933 0.004
498934 0.006
498935 0.002
498936 0.002
498937 0.0
498938 0.0
498939 0.004
498940 0.002
498941 -0.002
498942 -0.004
498943 0.002
498944 -0.002
498945 -0.006
498946 -0.002
498947 0.002
498948 -0.006
498949 -0.01
498950 -0.004
498951 0.0
498952 -0.004
498953 -0.008
498954 -0.008
498955 -0.006
498956 0.0
498957 0.0
498958 -0.004
498959 -0.01
498960 -0.008
498961 -0.006
498962 -0.002
498963 0.002
498964 -0.002
498965 -0.006
498966 -0.012
498967 -0.006
498968 0.002
498969 0.0
498970 0.0
498971 0.0
498972 0.0
498973 -0.002
498974 -0.004
498975 -0.002
498976 0.006
498977 0.006
498978 0.0
498979 0.006
498980 0.004
498981 0.0
498982 0.006
498983 0.0
498984 0.004
498985 0.012
498986 0.01
498987 0.002
498988 0.004
498989 0.004
498990 0.004
498991 0.008
498992 0.01
498993 0.008
498994 0.008
498995 0.006
498996 0.002
498997 0.002
498998 0.004
498999 0.002
499000 0.006
499001 0.01
499002 0.0
499003 0.004
499004 0.0
499005 0.0
499006 0.0
499007 -0.004
499008 -0.004
499009 -0.004
499010 0.0
499011 -0.004
499012 0.0
499013 0.0
499014 0.0
499015 -0.002
499016 -0.004
499017 -0.002
499018 -0.004
499019 -0.006
499020 -0.002
499021 -0.002
499022 -0.004
499023 -0.002
499024 -0.004
499025 -0.002
499026 -0.002
499027 -0.002
499028 -0.002
499029 0.0
499030 0.0
499031 0.0
499032 -0.002
499033 -0.002
499034 -0.004
499035 -0.002
499036 -0.006
499037 -0.004
499038 -0.004
499039 -0.002
499040 -0.004
499041 -0.002
499042 -0.002
499043 0.0
499044 0.0
499045 0.0
499046 0.002
499047 0.002
499048 0.002
499049 0.002
499050 0.004
499051 0.004
499052 0.0
499053 0.002
499054 0.012
499055 -0.002
499056 0.002
499057 0.004
499058 0.002
499059 0.0
499060 0.006
499061 0.0
499062 0.0
499063 0.0
499064 0.0
499065 -0.002
499066 0.0
499067 0.0
499068 -0.002
499069 -0.002
499070 -0.004
499071 -0.002
499072 -0.004
499073 -0.002
499074 -0.004
499075 -0.002
499076 -0.004
499077 -0.002
499078 -0.004
499079 -0.004
499080 0.0
499081 -0.002
499082 -0.004
499083 0.0
499084 -0.004
499085 0.002
499086 -0.004
499087 -0.002
499088 0.0
499089 -0.002
499090 -0.004
499091 0.002
499092 0.002
499093 0.002
499094 0.0
499095 0.006
499096 0.006
499097 0.006
499098 0.004
499099 0.006
499100 0.006
499101 0.006
499102 0.004
499103 0.006
499104 0.008
499105 0.006
499106 0.004
499107 0.004
499108 0.004
499109 0.002
499110 0.002
499111 0.002
499112 0.0
499113 0.0
499114 -0.002
499115 0.0
499116 0.0
499117 -0.002
499118 -0.004
499119 -0.004
499120 -0.002
499121 -0.004
499122 -0.002
499123 -0.002
499124 -0.004
499125 -0.004
499126 -0.004
499127 -0.002
499128 -0.002
499129 -0.002
499130 0.0
499131 -0.002
499132 -0.004
499133 -0.002
499134 -0.002
499135 -0.004
499136 -0.006
499137 -0.004
499138 -0.004
499139 -0.006
499140 -0.004
499141 0.0
499142 -0.002
499143 -0.002
499144 0.0
499145 0.0
499146 0.0
499147 -0.002
499148 0.002
499149 0.0
499150 0.0
499151 0.0
499152 0.002
499153 0.004
499154 0.002
499155 0.0
499156 0.004
499157 0.004
499158 0.004
499159 0.002
499160 0.004
499161 0.006
499162 0.002
499163 0.004
499164 0.004
499165 0.004
499166 0.002
499167 0.004
499168 0.002
499169 0.0
499170 0.002
499171 0.004
499172 -0.002
499173 0.002
499174 0.006
499175 -0.002
499176 0.004
499177 0.002
499178 0.0
499179 0.0
499180 0.002
499181 0.0
499182 0.002
499183 -0.002
499184 0.0
499185 0.0
499186 -0.002
499187 0.0
499188 -0.004
499189 0.0
499190 0.0
499191 -0.002
499192 -0.002
499193 -0.004
499194 0.0
499195 0.0
499196 -0.004
499197 -0.004
499198 -0.004
499199 -0.004
499200 -0.004
499201 -0.006
499202 -0.004
499203 -0.004
499204 -0.004
499205 -0.006
499206 -0.002
499207 -0.004
499208 -0.004
499209 -0.002
499210 -0.002
499211 -0.002
499212 0.002
499213 0.002
499214 0.0
499215 0.004
499216 0.002
499217 0.002
499218 0.004
499219 0.002
499220 0.006
499221 0.006
499222 0.002
499223 0.006
499224 0.006
499225 0.002
499226 0.004
499227 0.004
499228 0.004
499229 0.004
499230 0.004
499231 0.0
499232 0.002
499233 0.004
499234 0.002
499235 0.002
499236 0.002
499237 -0.004
499238 -0.002
499239 -0.002
499240 0.0
499241 -0.002
499242 -0.002
499243 -0.002
499244 0.0
499245 -0.004
499246 -0.004
499247 -0.006
499248 -0.002
499249 -0.002
499250 -0.006
499251 -0.004
499252 -0.002
499253 -0.002
499254 0.0
499255 -0.004
499256 0.0
499257 0.0
499258 -0.002
499259 -0.002
499260 -0.002
499261 -0.002
499262 0.0
499263 0.0
499264 0.002
499265 -0.004
499266 -0.004
499267 0.002
499268 -0.004
499269 -0.002
499270 0.0
499271 -0.002
499272 -0.004
499273 -0.002
499274 -0.004
499275 0.0
499276 0.0
499277 -0.002
499278 -0.002
499279 -0.002
499280 0.002
499281 0.0
499282 0.0
499283 0.004
499284 0.004
499285 -0.004
499286 0.002
499287 0.004
499288 0.004
499289 0.002
499290 0.004
499291 0.002
499292 0.002
499293 0.004
499294 0.006
499295 0.006
499296 0.008
499297 0.006
499298 0.002
499299 0.006
499300 0.004
499301 0.002
499302 0.006
499303 0.002
499304 0.002
499305 0.002
499306 0.0
499307 -0.006
499308 -0.006
499309 -0.002
499310 0.0
499311 0.0
499312 -0.002
499313 -0.002
499314 -0.002
499315 -0.002
499316 -0.006
499317 -0.006
499318 -0.002
499319 -0.008
499320 -0.004
499321 -0.006
499322 -0.006
499323 0.0
499324 -0.006
499325 -0.006
499326 -0.004
499327 -0.006
499328 -0.006
499329 -0.006
499330 -0.004
499331 -0.002
499332 -0.002
499333 0.0
499334 0.002
499335 0.0
499336 -0.002
499337 0.0
499338 -0.004
499339 0.0
499340 0.004
499341 0.002
499342 0.002
499343 0.002
499344 -0.002
499345 0.004
499346 0.0
499347 -0.002
499348 0.0
499349 0.002
499350 0.004
499351 0.002
499352 0.002
499353 0.002
499354 0.0
499355 0.0
499356 0.002
499357 -0.002
499358 0.0
499359 0.0
499360 -0.002
499361 0.0
499362 0.006
499363 0.004
499364 0.002
499365 0.004
499366 0.0
499367 0.0
499368 0.002
499369 0.004
499370 0.004
499371 0.002
499372 0.002
499373 0.002
499374 0.004
499375 0.002
499376 0.004
499377 0.0
499378 0.0
499379 0.0
499380 0.0
499381 -0.002
499382 0.0
499383 -0.004
499384 -0.002
499385 0.0
499386 -0.002
499387 -0.004
499388 -0.004
499389 0.0
499390 -0.004
499391 -0.002
499392 0.0
499393 0.0
499394 -0.004
499395 0.0
499396 -0.002
499397 -0.002
499398 0.0
499399 -0.002
499400 -0.004
499401 -0.002
499402 -0.002
499403 -0.002
499404 -0.002
499405 -0.002
499406 -0.002
499407 0.0
499408 -0.002
499409 -0.004
499410 0.002
499411 -0.002
499412 0.0
499413 0.002
499414 0.0
499415 -0.002
499416 0.002
499417 -0.002
499418 0.002
499419 0.0
499420 0.0
499421 0.0
499422 0.002
499423 0.002
499424 0.0
499425 0.002
499426 0.004
499427 0.002
499428 0.002
499429 0.004
499430 0.004
499431 0.002
499432 0.002
499433 0.002
499434 0.002
499435 0.004
499436 0.0
499437 0.004
499438 0.002
499439 0.002
499440 0.0
499441 0.006
499442 0.002
499443 0.004
499444 0.004
499445 0.002
499446 0.0
499447 0.0
499448 0.0
499449 0.0
499450 0.002
499451 0.0
499452 0.0
499453 0.0
499454 -0.002
499455 -0.006
499456 -0.002
499457 -0.006
499458 -0.006
499459 -0.004
499460 -0.008
499461 -0.008
499462 -0.006
499463 -0.008
499464 -0.01
499465 -0.008
499466 -0.004
499467 -0.008
499468 -0.006
499469 -0.004
499470 -0.006
499471 -0.008
499472 -0.002
499473 -0.004
499474 -0.006
499475 0.0
499476 0.002
499477 0.0
499478 0.002
499479 0.002
499480 0.002
499481 0.004
499482 0.004
499483 0.002
499484 0.002
499485 0.004
499486 0.002
499487 0.006
499488 0.004
499489 0.002
499490 0.006
499491 0.002
499492 0.0
499493 0.006
499494 0.002
499495 0.002
499496 0.006
499497 0.0
499498 0.004
499499 0.002
499500 0.0
499501 0.002
499502 0.002
499503 0.0
499504 0.0
499505 -0.002
499506 -0.004
499507 0.0
499508 0.0
499509 -0.002
499510 -0.002
499511 -0.002
499512 -0.002
499513 -0.006
499514 -0.006
499515 -0.006
499516 -0.008
499517 -0.01
499518 -0.006
499519 -0.006
499520 -0.006
499521 0.0
499522 -0.006
499523 0.008
499524 -0.002
499525 -0.002
499526 0.002
499527 -0.002
499528 0.0
499529 0.004
499530 0.004
499531 0.002
499532 0.008
499533 0.008
499534 0.004
499535 0.0
499536 0.006
499537 0.004
499538 0.012
499539 0.01
499540 0.01
499541 0.012
499542 0.006
499543 0.012
499544 0.004
499545 0.008
499546 0.006
499547 0.004
499548 0.008
499549 0.002
499550 0.006
499551 0.002
499552 0.002
499553 -0.002
499554 0.0
499555 0.0
499556 0.002
499557 -0.01
499558 -0.008
499559 -0.004
499560 -0.012
499561 -0.004
499562 -0.008
499563 -0.01
499564 -0.006
499565 -0.01
499566 -0.01
499567 -0.01
499568 -0.002
499569 -0.014
499570 -0.004
499571 -0.01
499572 -0.002
499573 -0.014
499574 0.002
499575 -0.008
499576 -0.006
499577 -0.01
499578 0.004
499579 -0.01
499580 -0.002
499581 -0.006
499582 0.004
499583 -0.012
499584 0.0
499585 -0.004
499586 0.0
499587 -0.006
499588 0.004
499589 0.006
499590 0.0
499591 0.01
499592 0.0
499593 0.006
499594 0.008
499595 0.002
499596 0.012
499597 0.004
499598 0.008
499599 0.008
499600 0.006
499601 0.012
499602 0.006
499603 0.01
499604 0.014
499605 0.006
499606 0.01
499607 0.012
499608 0.002
499609 0.016
499610 0.008
499611 0.006
499612 0.01
499613 0.006
499614 0.004
499615 0.012
499616 0.002
499617 0.002
499618 0.008
499619 -0.002
499620 0.0
499621 0.006
499622 -0.004
499623 -0.006
499624 0.002
499625 -0.008
499626 -0.006
499627 -0.002
499628 -0.014
499629 -0.012
499630 0.004
499631 -0.014
499632 -0.02
499633 -0.012
499634 -0.004
499635 -0.016
499636 -0.016
499637 -0.002
499638 -0.016
499639 -0.018
499640 -0.004
499641 -0.006
499642 -0.022
499643 -0.006
499644 -0.006
499645 -0.016
499646 -0.014
499647 0.0
499648 -0.008
499649 -0.014
499650 0.0
499651 0.0
499652 -0.01
499653 -0.014
499654 0.0
499655 0.022
499656 0.02
499657 0.018
499658 0.018
499659 -0.008
499660 -0.018
499661 -0.016
499662 -0.014
499663 -0.006
499664 0.01
499665 0.024
499666 0.03
499667 0.028
499668 0.016
499669 0.01
499670 0.0
499671 0.01
499672 0.008
499673 0.016
499674 0.018
499675 0.018
499676 0.016
499677 0.01
499678 0.008
499679 0.0
499680 0.002
499681 -0.004
499682 0.002
499683 0.0
499684 0.0
499685 0.002
499686 0.0
499687 0.002
499688 -0.012
499689 0.002
499690 -0.006
499691 -0.004
499692 -0.006
499693 -0.002
499694 -0.006
499695 -0.004
499696 -0.006
499697 -0.004
499698 -0.008
499699 -0.006
499700 -0.006
499701 -0.008
499702 -0.01
499703 -0.008
499704 -0.008
499705 -0.01
499706 -0.014
499707 -0.012
499708 -0.01
499709 -0.014
499710 -0.012
499711 -0.01
499712 -0.01
499713 -0.01
499714 -0.008
499715 -0.008
499716 -0.006
499717 -0.006
499718 0.0
499719 -0.004
499720 -0.004
499721 -0.004
499722 0.0
499723 0.0
499724 -0.002
499725 0.002
499726 0.006
499727 0.012
499728 0.008
499729 0.012
499730 0.014
499731 0.014
499732 0.012
499733 0.012
499734 0.016
499735 0.014
499736 0.016
499737 0.014
499738 0.018
499739 0.012
499740 0.012
499741 0.01
499742 0.01
499743 0.01
499744 0.008
499745 0.014
499746 0.004
499747 0.002
499748 0.0
499749 0.0
499750 0.0
499751 -0.002
499752 -0.004
499753 -0.004
499754 -0.006
499755 -0.004
499756 -0.006
499757 -0.004
499758 -0.006
499759 -0.006
499760 -0.004
499761 -0.006
499762 -0.004
499763 -0.006
499764 -0.006
499765 -0.006
499766 -0.008
499767 -0.01
499768 -0.006
499769 -0.008
499770 -0.008
499771 -0.008
499772 -0.01
499773 -0.01
499774 -0.008
499775 -0.008
499776 -0.01
499777 -0.008
499778 -0.008
499779 -0.006
499780 -0.006
499781 -0.006
499782 -0.004
499783 -0.002
499784 -0.002
499785 -0.002
499786 -0.002
499787 -0.002
499788 0.0
499789 0.002
499790 0.002
499791 0.002
499792 0.004
499793 0.006
499794 0.004
499795 0.004
499796 0.004
499797 0.002
499798 0.006
499799 0.006
499800 0.004
499801 0.006
499802 0.008
499803 0.006
499804 0.006
499805 0.008
499806 0.006
499807 0.004
499808 0.01
499809 0.008
499810 0.004
499811 0.008
499812 0.01
499813 0.006
499814 0.008
499815 0.01
499816 0.006
499817 0.006
499818 0.006
499819 0.006
499820 0.004
499821 0.006
499822 0.006
499823 0.004
499824 0.002
499825 0.004
499826 0.0
499827 0.0
499828 0.0
499829 0.0
499830 0.002
499831 0.0
499832 -0.004
499833 -0.006
499834 0.0
499835 -0.002
499836 -0.01
499837 -0.006
499838 0.0
499839 -0.006
499840 -0.012
499841 -0.002
499842 -0.006
499843 -0.014
499844 -0.008
499845 -0.006
499846 -0.016
499847 -0.008
499848 -0.004
499849 -0.018
499850 -0.004
499851 -0.006
499852 -0.016
499853 -0.004
499854 -0.014
499855 -0.016
499856 -0.002
499857 -0.018
499858 -0.002
499859 -0.006
499860 -0.012
499861 0.004
499862 -0.012
499863 0.002
499864 -0.008
499865 -0.002
499866 0.002
499867 -0.008
499868 0.01
499869 -0.008
499870 0.012
499871 -0.008
499872 0.01
499873 0.0
499874 0.012
499875 0.0
499876 0.008
499877 0.01
499878 0.006
499879 0.008
499880 0.008
499881 0.012
499882 0.008
499883 0.008
499884 0.016
499885 0.008
499886 0.018
499887 0.006
499888 0.024
499889 0.002
499890 0.028
499891 0.002
499892 0.024
499893 0.004
499894 0.02
499895 0.01
499896 0.012
499897 0.02
499898 -0.002
499899 0.026
499900 0.002
499901 0.008
499902 0.018
499903 -0.006
499904 0.018
499905 0.002
499906 -0.002
499907 0.012
499908 -0.012
499909 0.0
499910 0.006
499911 -0.02
499912 0.0
499913 -0.002
499914 -0.022
499915 -0.014
499916 -0.006
499917 -0.026
499918 -0.028
499919 -0.008
499920 -0.02
499921 -0.04
499922 -0.024
499923 -0.006
499924 -0.032
499925 -0.042
499926 -0.014
499927 -0.014
499928 -0.034
499929 -0.04
499930 -0.006
499931 -0.01
499932 -0.024
499933 -0.024
499934 -0.01
499935 0.008
499936 -0.002
499937 -0.01
499938 -0.004
499939 0.008
499940 0.012
499941 0.006
499942 0.008
499943 0.004
499944 0.016
499945 0.02
499946 0.018
499947 0.012
499948 0.014
499949 0.016
499950 0.014
499951 0.02
499952 0.02
499953 0.018
499954 0.018
499955 0.018
499956 0.016
499957 0.014
499958 0.016
499959 0.012
499960 0.014
499961 0.012
499962 0.012
499963 0.012
499964 0.01
499965 0.01
499966 0.008
499967 0.004
499968 0.004
499969 0.002
499970 0.002
499971 0.002
499972 0.0
499973 0.0
499974 -0.002
499975 0.004
499976 0.004
499977 0.0
499978 0.0
499979 0.002
499980 0.0
499981 -0.006
499982 0.0
499983 -0.002
499984 -0.004
499985 -0.006
499986 -0.002
499987 -0.012
499988 -0.006
499989 -0.008
499990 -0.01
499991 -0.012
499992 -0.008
499993 -0.01
499994 -0.012
499995 -0.01
499996 -0.006
499997 -0.012
499998 -0.012
499999 -0.01
500000 -0.014
500001 -0.016
500002 -0.008
500003 -0.01
500004 -0.008
500005 -0.004
500006 -0.002
500007 -0.01
500008 -0.01
500009 -0.004
500010 -0.008
500011 0.002
500012 0.002
500013 -0.002
500014 0.0
500015 0.002
500016 0.01
500017 0.002
500018 0.0
500019 0.008
500020 0.01
500021 0.004
500022 0.002
500023 0.012
500024 0.008
500025 0.004
500026 0.01
500027 0.012
500028 0.01
500029 0.01
500030 0.008
500031 0.01
500032 0.012
500033 0.008
500034 0.012
500035 0.006
500036 0.006
500037 0.012
500038 0.004
500039 0.006
500040 0.002
500041 0.0
500042 0.002
500043 0.002
500044 -0.002
500045 -0.002
500046 -0.002
500047 -0.002
500048 -0.008
500049 -0.006
500050 -0.004
500051 0.004
500052 -0.008
500053 -0.008
500054 -0.006
500055 -0.002
500056 -0.002
500057 -0.006
500058 0.002
500059 0.002
500060 0.0
500061 0.0
500062 0.0
500063 0.004
500064 0.002
500065 -0.002
500066 0.006
500067 0.004
500068 0.002
500069 0.006
500070 0.004
500071 0.006
500072 0.008
500073 0.004
500074 0.0
500075 -0.002
500076 -0.002
500077 -0.002
500078 0.0
500079 -0.004
500080 -0.002
500081 0.0
500082 -0.006
500083 -0.004
500084 -0.006
500085 -0.008
500086 -0.004
500087 -0.006
500088 -0.004
500089 -0.008
500090 -0.01
500091 -0.006
500092 -0.006
500093 -0.006
500094 -0.002
500095 -0.006
500096 -0.006
500097 -0.004
500098 -0.004
500099 -0.004
500100 -0.004
500101 0.0
500102 0.0
500103 0.0
500104 0.002
500105 0.002
500106 0.006
500107 0.004
500108 0.006
500109 0.006
500110 0.002
500111 0.004
500112 0.002
500113 0.004
500114 0.004
500115 0.0
500116 -0.002
500117 0.004
500118 0.002
500119 0.004
500120 0.002
500121 0.008
500122 0.002
500123 0.002
500124 0.008
500125 0.0
500126 0.002
500127 0.004
500128 0.0
500129 -0.002
500130 -0.002
500131 -0.004
500132 0.0
500133 0.0
500134 -0.002
500135 -0.002
500136 -0.002
500137 -0.002
500138 -0.002
500139 -0.002
500140 -0.004
500141 0.002
500142 -0.006
500143 -0.006
500144 0.0
500145 0.0
500146 0.0
500147 0.006
500148 0.004
500149 0.0
500150 -0.002
500151 0.002
500152 -0.002
500153 -0.004
500154 -0.002
500155 -0.002
500156 0.0
500157 0.002
500158 0.002
500159 0.0
500160 0.0
500161 0.0
500162 -0.002
500163 -0.006
500164 -0.002
500165 0.002
500166 -0.004
500167 -0.008
500168 -0.002
500169 -0.004
500170 -0.004
500171 -0.002
500172 -0.004
500173 -0.002
500174 0.002
500175 -0.004
500176 -0.004
500177 0.0
500178 -0.002
500179 -0.004
500180 0.0
500181 0.002
500182 -0.002
500183 0.0
500184 -0.002
500185 -0.002
500186 0.0
500187 0.002
500188 0.0
500189 -0.004
500190 0.0
500191 -0.002
500192 -0.004
500193 -0.002
500194 0.0
500195 0.002
500196 0.002
500197 0.002
500198 0.002
500199 0.002
500200 0.0
500201 0.004
500202 0.008
500203 0.002
500204 0.004
500205 0.006
500206 0.0
500207 0.002
500208 0.002
500209 0.0
500210 0.0
500211 0.006
500212 0.006
500213 0.006
500214 0.012
500215 0.018
500216 0.024
500217 0.016
500218 0.002
500219 -0.01
500220 0.006
500221 -0.012
500222 0.002
500223 -0.022
500224 0.0
500225 -0.014
500226 -0.008
500227 -0.002
500228 0.0
500229 -0.002
500230 0.004
500231 0.006
500232 0.008
500233 0.004
500234 0.004
500235 0.0
500236 -0.002
500237 -0.008
500238 -0.01
500239 -0.012
500240 -0.014
500241 -0.012
500242 -0.01
500243 -0.004
500244 0.004
500245 0.008
500246 0.008
500247 0.004
500248 0.006
500249 0.004
500250 0.0
500251 0.004
500252 0.006
500253 0.004
500254 0.006
500255 0.006
500256 0.0
500257 0.002
500258 0.0
500259 -0.002
500260 0.0
500261 0.002
500262 0.0
500263 0.004
500264 0.006
500265 0.004
500266 0.006
500267 0.008
500268 0.0
500269 0.006
500270 0.006
500271 0.002
500272 0.004
500273 0.008
500274 0.002
500275 0.006
500276 0.0
500277 0.002
500278 0.0
500279 0.002
500280 0.002
500281 0.006
500282 0.004
500283 0.006
500284 0.008
500285 0.006
500286 0.006
500287 0.01
500288 0.008
500289 0.006
500290 0.004
500291 0.008
500292 0.002
500293 0.0
500294 0.002
500295 -0.004
500296 -0.002
500297 -0.002
500298 -0.002
500299 0.0
500300 0.002
500301 0.0
500302 0.0
500303 0.004
500304 0.004
500305 -0.002
500306 -0.006
500307 -0.006
500308 -0.01
500309 -0.012
500310 -0.008
500311 -0.006
500312 -0.004
500313 -0.002
500314 -0.002
500315 -0.002
500316 -0.01
500317 -0.012
500318 -0.01
500319 -0.01
500320 -0.012
500321 -0.01
500322 -0.01
500323 -0.008
500324 -0.006
500325 -0.004
500326 0.0
500327 0.0
500328 -0.002
500329 0.008
500330 0.01
500331 0.006
500332 0.008
500333 0.008
500334 0.004
500335 0.004
500336 0.008
500337 0.006
500338 0.0
500339 0.006
500340 0.01
500341 0.006
500342 0.01
500343 0.008
500344 0.004
500345 0.006
500346 0.004
500347 0.004
500348 0.004
500349 0.006
500350 0.002
500351 0.004
500352 0.006
500353 0.008
500354 0.004
500355 0.008
500356 0.006
500357 0.004
500358 0.004
500359 0.004
500360 0.004
500361 -0.002
500362 0.0
500363 0.002
500364 -0.002
500365 -0.004
500366 -0.002
500367 -0.002
500368 -0.006
500369 -0.006
500370 -0.002
500371 -0.006
500372 -0.004
500373 -0.004
500374 -0.002
500375 -0.004
500376 -0.004
500377 0.0
500378 0.0
500379 -0.002
500380 -0.002
500381 0.002
500382 -0.002
500383 0.0
500384 0.0
500385 -0.002
500386 0.002
500387 0.002
500388 0.002
500389 0.004
500390 -0.002
500391 0.0
500392 0.002
500393 0.002
500394 0.0
500395 0.0
500396 -0.002
500397 0.0
500398 -0.002
500399 0.0
500400 0.0
500401 0.0
500402 0.0
500403 -0.002
500404 0.0
500405 -0.002
500406 0.0
500407 -0.002
500408 0.0
500409 0.0
500410 -0.002
500411 0.0
500412 -0.002
500413 -0.002
500414 -0.004
500415 -0.004
500416 -0.006
500417 -0.008
500418 -0.004
500419 -0.006
500420 -0.002
500421 -0.002
500422 -0.002
500423 -0.002
500424 0.002
500425 0.002
500426 0.004
500427 0.004
500428 0.0
500429 -0.002
500430 0.004
500431 0.006
500432 0.002
500433 0.0
500434 0.006
500435 0.008
500436 0.004
500437 0.008
500438 0.008
500439 0.002
500440 0.002
500441 0.008
500442 0.004
500443 0.002
500444 0.004
500445 0.004
500446 0.006
500447 0.006
500448 0.006
500449 0.002
500450 0.002
500451 0.0
500452 0.004
500453 0.006
500454 0.004
500455 0.006
500456 0.004
500457 0.004
500458 0.0
500459 0.002
500460 0.0
500461 -0.004
500462 -0.002
500463 0.004
500464 0.002
500465 0.0
500466 0.0
500467 0.0
500468 0.0
500469 0.002
500470 0.002
500471 0.002
500472 -0.004
500473 -0.002
500474 0.0
500475 -0.002
500476 -0.004
500477 -0.002
500478 0.0
500479 -0.002
500480 -0.002
500481 -0.004
500482 -0.008
500483 -0.008
500484 -0.008
500485 -0.01
500486 -0.008
500487 -0.008
500488 -0.008
500489 -0.01
500490 -0.012
500491 -0.01
500492 -0.01
500493 -0.008
500494 -0.01
500495 -0.01
500496 -0.008
500497 -0.012
500498 -0.004
500499 -0.008
500500 -0.008
500501 -0.004
500502 -0.006
500503 -0.004
500504 -0.002
500505 -0.002
500506 -0.006
500507 0.0
500508 -0.004
500509 0.0
500510 0.0
500511 0.002
500512 0.0
500513 0.004
500514 0.006
500515 0.006
500516 0.004
500517 0.01
500518 0.008
500519 0.008
500520 0.01
500521 0.012
500522 0.012
500523 0.01
500524 0.01
500525 0.014
500526 0.014
500527 0.014
500528 0.018
500529 0.016
500530 0.018
500531 0.018
500532 0.012
500533 0.016
500534 0.014
500535 0.01
500536 0.014
500537 0.014
500538 0.008
500539 0.006
500540 0.006
500541 0.006
500542 0.004
500543 0.006
500544 0.002
500545 0.002
500546 -0.002
500547 0.002
500548 -0.002
500549 -0.002
500550 0.0
500551 -0.006
500552 -0.01
500553 -0.008
500554 -0.01
500555 -0.014
500556 -0.014
500557 -0.012
500558 -0.014
500559 -0.018
500560 -0.016
500561 -0.014
500562 -0.016
500563 -0.016
500564 -0.014
500565 -0.018
500566 -0.016
500567 -0.016
500568 -0.016
500569 -0.012
500570 -0.014
500571 -0.016
500572 -0.012
500573 -0.014
500574 -0.012
500575 -0.008
500576 -0.012
500577 -0.014
500578 -0.006
500579 -0.01
500580 -0.01
500581 -0.01
500582 -0.008
500583 -0.008
500584 -0.008
500585 -0.006
500586 -0.002
500587 -0.002
500588 0.0
500589 0.004
500590 0.002
500591 0.002
500592 0.008
500593 0.008
500594 0.012
500595 0.014
500596 0.014
500597 0.016
500598 0.02
500599 0.018
500600 0.022
500601 0.026
500602 0.024
500603 0.026
500604 0.028
500605 0.026
500606 0.026
500607 0.028
500608 0.03
500609 0.028
500610 0.03
500611 0.03
500612 0.028
500613 0.03
500614 0.026
500615 0.026
500616 0.026
500617 0.024
500618 0.016
500619 0.016
500620 0.01
500621 0.002
500622 0.002
500623 -0.006
500624 -0.012
500625 -0.012
500626 -0.018
500627 -0.024
500628 -0.024
500629 -0.026
500630 -0.03
500631 -0.032
500632 -0.032
500633 -0.032
500634 -0.03
500635 -0.03
500636 -0.03
500637 -0.032
500638 -0.024
500639 -0.028
500640 -0.03
500641 -0.022
500642 -0.02
500643 -0.024
500644 -0.02
500645 -0.016
500646 -0.014
500647 -0.012
500648 -0.01
500649 -0.006
500650 -0.008
500651 -0.004
500652 -0.004
500653 -0.002
500654 0.0
500655 0.004
500656 0.002
500657 0.006
500658 0.006
500659 0.006
500660 0.008
500661 0.008
500662 0.008
500663 0.01
500664 0.01
500665 0.008
500666 0.012
500667 0.012
500668 0.012
500669 0.01
500670 0.01
500671 0.012
500672 0.01
500673 0.012
500674 0.008
500675 0.004
500676 0.01
500677 0.002
500678 0.014
500679 0.014
500680 0.014
500681 0.008
500682 0.01
500683 0.004
500684 0.008
500685 0.006
500686 0.002
500687 0.006
500688 0.002
500689 0.002
500690 0.006
500691 0.006
500692 0.008
500693 0.008
500694 0.012
500695 0.008
500696 0.014
500697 0.012
500698 0.01
500699 0.012
500700 0.014
500701 0.014
500702 0.01
500703 0.012
500704 0.014
500705 0.014
500706 0.006
500707 0.004
500708 0.008
500709 0.002
500710 0.008
500711 0.004
500712 0.004
500713 0.002
500714 -0.004
500715 -0.008
500716 -0.008
500717 -0.012
500718 -0.016
500719 -0.02
500720 -0.022
500721 -0.02
500722 -0.02
500723 -0.026
500724 -0.028
500725 -0.028
500726 -0.026
500727 -0.028
500728 -0.028
500729 -0.028
500730 -0.03
500731 -0.026
500732 -0.022
500733 -0.024
500734 -0.026
500735 -0.024
500736 -0.016
500737 -0.014
500738 -0.014
500739 -0.016
500740 -0.008
500741 -0.01
500742 -0.004
500743 -0.004
500744 0.004
500745 0.0
500746 0.004
500747 0.01
500748 0.014
500749 0.014
500750 0.012
500751 0.014
500752 0.02
500753 0.022
500754 0.024
500755 0.024
500756 0.026
500757 0.026
500758 0.028
500759 0.03
500760 0.03
500761 0.03
500762 0.026
500763 0.026
500764 0.026
500765 0.026
500766 0.028
500767 0.026
500768 0.022
500769 0.018
500770 0.02
500771 0.018
500772 0.016
500773 0.014
500774 0.01
500775 0.01
500776 0.006
500777 0.0
500778 0.0
500779 -0.006
500780 -0.002
500781 -0.008
500782 -0.008
500783 -0.008
500784 -0.008
500785 -0.01
500786 -0.012
500787 -0.016
500788 -0.016
500789 -0.018
500790 -0.016
500791 -0.014
500792 -0.016
500793 -0.018
500794 -0.016
500795 -0.018
500796 -0.016
500797 -0.014
500798 -0.018
500799 -0.02
500800 -0.014
500801 -0.012
500802 -0.008
500803 -0.01
500804 -0.008
500805 -0.012
500806 -0.006
500807 -0.012
500808 0.002
500809 -0.002
500810 0.0
500811 -0.002
500812 -0.002
500813 -0.002
500814 -0.004
500815 0.0
500816 -0.004
500817 -0.002
500818 -0.004
500819 -0.002
500820 -0.002
500821 0.0
500822 -0.008
500823 -0.002
500824 -0.004
500825 -0.002
500826 -0.012
500827 -0.004
500828 -0.004
500829 -0.004
500830 -0.002
500831 0.002
500832 0.002
500833 0.0
500834 0.004
500835 0.004
500836 0.008
500837 0.01
500838 0.016
500839 0.016
500840 0.016
500841 0.022
500842 0.018
500843 0.02
500844 0.03
500845 0.018
500846 0.026
500847 0.024
500848 0.018
500849 0.018
500850 0.02
500851 0.022
500852 0.014
500853 0.02
500854 0.016
500855 0.014
500856 0.012
500857 0.014
500858 0.002
500859 0.006
500860 0.006
500861 -0.002
500862 -0.002
500863 -0.002
500864 -0.006
500865 -0.002
500866 -0.008
500867 -0.006
500868 -0.008
500869 -0.012
500870 -0.012
500871 -0.014
500872 -0.012
500873 -0.014
500874 -0.016
500875 -0.018
500876 -0.018
500877 -0.018
500878 -0.02
500879 -0.016
500880 -0.018
500881 -0.02
500882 -0.02
500883 -0.018
500884 -0.018
500885 -0.016
500886 -0.014
500887 -0.014
500888 -0.012
500889 -0.012
500890 -0.008
500891 -0.002
500892 -0.004
500893 -0.004
500894 -0.01
500895 -0.008
500896 -0.006
500897 -0.004
500898 0.004
500899 0.01
500900 0.01
500901 0.008
500902 0.008
500903 0.01
500904 0.012
500905 0.01
500906 0.006
500907 0.008
500908 0.01
500909 0.01
500910 0.01
500911 0.01
500912 0.012
500913 0.008
500914 0.012
500915 0.01
500916 0.012
500917 0.012
500918 0.006
500919 0.01
500920 0.01
500921 0.008
500922 0.008
500923 0.008
500924 0.01
500925 0.004
500926 0.002
500927 0.006
500928 0.0
500929 0.008
500930 0.004
500931 0.006
500932 0.006
500933 -0.002
500934 -0.002
500935 0.0
500936 0.0
500937 -0.002
500938 -0.006
500939 -0.004
500940 0.002
500941 0.0
500942 -0.004
500943 -0.006
500944 -0.004
500945 -0.002
500946 -0.004
500947 0.0
500948 0.0
500949 -0.002
500950 -0.002
500951 0.004
500952 0.002
500953 0.0
500954 0.004
500955 0.002
500956 0.002
500957 0.0
500958 -0.004
500959 -0.002
500960 0.002
500961 -0.002
500962 0.0
500963 0.004
500964 0.002
500965 0.002
500966 -0.004
500967 0.002
500968 -0.002
500969 -0.004
500970 -0.004
500971 -0.006
500972 -0.014
500973 -0.014
500974 -0.014
500975 -0.016
500976 -0.022
500977 -0.018
500978 -0.018
500979 -0.02
500980 -0.012
500981 -0.014
500982 -0.012
500983 -0.008
500984 -0.006
500985 -0.006
500986 -0.004
500987 -0.002
500988 -0.002
500989 0.0
500990 0.002
500991 0.004
500992 0.002
500993 0.006
500994 0.006
500995 0.006
500996 0.008
500997 0.008
500998 0.014
500999 0.01
501000 0.012
501001 0.012
501002 0.012
501003 0.012
501004 0.014
501005 0.014
501006 0.016
501007 0.014
501008 0.014
501009 0.014
501010 0.014
501011 0.012
501012 0.014
501013 0.012
501014 0.01
501015 0.01
501016 0.01
501017 0.006
501018 0.006
501019 0.006
501020 0.004
501021 0.002
501022 0.002
501023 -0.004
501024 -0.002
501025 -0.002
501026 -0.004
501027 -0.004
501028 -0.008
501029 -0.008
501030 -0.01
501031 -0.012
501032 -0.012
501033 -0.01
501034 -0.012
501035 -0.012
501036 -0.012
501037 -0.014
501038 -0.014
501039 -0.012
501040 -0.014
501041 -0.012
501042 -0.01
501043 -0.008
501044 -0.008
501045 -0.01
501046 -0.008
501047 -0.006
501048 -0.008
501049 -0.002
501050 -0.006
501051 -0.004
501052 -0.002
501053 0.0
501054 0.0
501055 -0.002
501056 0.0
501057 0.0
501058 0.002
501059 0.0
501060 0.002
501061 0.0
501062 0.004
501063 0.002
501064 0.002
501065 0.002
501066 0.006
501067 0.004
501068 0.004
501069 0.008
501070 0.006
501071 0.002
501072 0.006
501073 0.004
501074 0.004
501075 0.006
501076 0.006
501077 0.006
501078 0.006
501079 0.006
501080 0.004
501081 0.004
501082 0.004
501083 0.002
501084 0.002
501085 0.004
501086 0.002
501087 0.002
501088 0.002
501089 0.0
501090 0.002
501091 0.002
501092 0.002
501093 -0.002
501094 -0.002
501095 -0.002
501096 0.0
501097 -0.002
501098 -0.002
501099 0.0
501100 -0.002
501101 -0.004
501102 -0.004
501103 -0.004
501104 0.0
501105 -0.006
501106 -0.004
501107 -0.002
501108 -0.006
501109 -0.004
501110 -0.004
501111 -0.006
501112 -0.002
501113 -0.006
501114 -0.002
501115 -0.002
501116 -0.004
501117 -0.008
501118 -0.002
501119 0.0
501120 -0.006
501121 -0.004
501122 0.0
501123 -0.002
501124 -0.002
501125 0.0
501126 0.0
501127 0.0
501128 0.004
501129 0.0
501130 0.002
501131 0.002
501132 0.002
501133 -0.002
501134 0.002
501135 0.002
501136 0.002
501137 0.0
501138 0.0
501139 0.0
501140 0.002
501141 0.0
501142 0.0
501143 0.0
501144 0.002
501145 0.0
501146 0.004
501147 0.002
501148 0.0
501149 0.002
501150 0.002
501151 0.0
501152 0.002
501153 0.0
501154 -0.002
501155 0.0
501156 0.002
501157 0.0
501158 0.0
501159 0.0
501160 0.0
501161 0.0
501162 0.0
501163 -0.002
501164 -0.002
501165 0.002
501166 0.002
501167 -0.002
501168 0.0
501169 0.0
501170 0.002
501171 0.004
501172 0.002
501173 0.0
501174 0.002
501175 0.002
501176 0.002
501177 0.0
501178 0.0
501179 0.0
501180 0.002
501181 0.0
501182 0.0
501183 0.0
501184 0.002
501185 0.002
501186 0.0
501187 0.002
501188 0.002
501189 0.002
501190 0.004
501191 0.002
501192 -0.002
501193 0.0
501194 -0.002
501195 0.0
501196 0.0
501197 0.0
501198 0.0
501199 -0.002
501200 -0.002
501201 -0.002
501202 0.0
501203 -0.002
501204 -0.002
501205 0.0
501206 -0.002
501207 -0.002
501208 -0.002
501209 0.0
501210 -0.002
501211 -0.004
501212 -0.004
501213 -0.004
501214 -0.002
501215 -0.004
501216 -0.002
501217 -0.004
501218 -0.002
501219 0.0
501220 -0.004
501221 -0.004
501222 0.0
501223 -0.002
501224 -0.004
501225 -0.002
501226 0.0
501227 -0.002
501228 0.0
501229 0.004
501230 0.004
501231 0.002
501232 0.002
501233 0.0
501234 0.0
501235 0.008
501236 0.004
501237 0.004
501238 0.0
501239 0.002
501240 0.002
501241 0.004
501242 0.004
501243 0.002
501244 0.002
501245 0.006
501246 0.006
501247 0.004
501248 0.002
501249 0.002
501250 0.006
501251 0.002
501252 0.0
501253 0.002
501254 0.002
501255 -0.002
501256 -0.004
501257 0.002
501258 -0.002
501259 -0.002
501260 -0.004
501261 0.002
501262 -0.004
501263 -0.006
501264 -0.004
501265 -0.004
501266 -0.01
501267 -0.004
501268 -0.006
501269 -0.006
501270 -0.006
501271 -0.002
501272 -0.006
501273 0.002
501274 0.0
501275 -0.002
501276 -0.008
501277 0.008
501278 -0.004
501279 0.002
501280 0.002
501281 0.002
501282 0.002
501283 -0.004
501284 0.004
501285 -0.006
501286 0.004
501287 0.002
501288 -0.004
501289 0.006
501290 0.0
501291 0.004
501292 0.006
501293 0.002
501294 0.004
501295 0.006
501296 0.006
501297 0.0
501298 0.008
501299 0.002
501300 -0.002
501301 0.008
501302 0.002
501303 0.004
501304 -0.002
501305 0.006
501306 0.0
501307 0.002
501308 -0.002
501309 0.002
501310 0.004
501311 0.0
501312 0.002
501313 0.0
501314 -0.002
501315 -0.002
501316 -0.004
501317 -0.002
501318 -0.004
501319 0.002
501320 -0.002
501321 0.002
501322 0.0
501323 0.002
501324 -0.002
501325 -0.002
501326 -0.006
501327 0.0
501328 -0.002
501329 0.0
501330 -0.006
501331 0.0
501332 -0.002
501333 -0.002
501334 0.0
501335 -0.002
501336 0.01
501337 -0.004
501338 -0.002
501339 -0.006
501340 -0.004
501341 0.004
501342 -0.004
501343 0.006
501344 0.0
501345 -0.006
501346 0.004
501347 0.0
501348 0.006
501349 0.006
501350 -0.008
501351 0.004
501352 0.0
501353 -0.006
501354 0.002
501355 -0.008
501356 -0.008
501357 0.002
501358 0.0
501359 -0.006
501360 0.002
501361 -0.002
501362 -0.004
501363 0.006
501364 0.006
501365 -0.01
501366 -0.004
501367 0.012
501368 0.0
501369 -0.01
501370 0.004
501371 0.014
501372 0.008
501373 -0.004
501374 0.002
501375 0.014
501376 0.006
501377 -0.004
501378 -0.004
501379 0.01
501380 0.016
501381 0.006
501382 -0.004
501383 0.0
501384 0.006
501385 0.008
501386 0.008
501387 0.008
501388 -0.006
501389 -0.008
501390 0.0
501391 0.01
501392 0.012
501393 0.008
501394 0.002
501395 -0.002
501396 -0.006
501397 -0.004
501398 -0.012
501399 -0.01
501400 0.0
501401 0.002
501402 0.002
501403 0.006
501404 0.004
501405 0.0
501406 0.002
501407 0.004
501408 0.0
501409 -0.006
501410 -0.002
501411 -0.004
501412 -0.008
501413 -0.008
501414 -0.006
501415 -0.006
501416 -0.008
501417 -0.008
501418 0.002
501419 0.002
501420 0.0
501421 0.0
501422 -0.002
501423 -0.006
501424 -0.01
501425 -0.006
501426 0.006
501427 0.008
501428 -0.004
501429 -0.014
501430 -0.002
501431 0.01
501432 0.006
501433 -0.006
501434 -0.004
501435 0.008
501436 0.008
501437 0.002
501438 0.0
501439 0.004
501440 0.002
501441 0.006
501442 0.002
501443 0.004
501444 0.002
501445 0.004
501446 0.008
501447 0.006
501448 0.004
501449 0.006
501450 0.004
501451 0.008
501452 0.008
501453 0.008
501454 0.01
501455 0.006
501456 0.006
501457 0.012
501458 0.008
501459 0.0
501460 0.004
501461 0.0
501462 0.004
501463 0.002
501464 0.0
501465 -0.002
501466 -0.002
501467 -0.006
501468 -0.002
501469 -0.004
501470 -0.004
501471 -0.002
501472 -0.004
501473 -0.008
501474 -0.006
501475 -0.006
501476 -0.006
501477 -0.006
501478 -0.004
501479 -0.008
501480 -0.006
501481 -0.004
501482 -0.006
501483 -0.006
501484 -0.004
501485 -0.006
501486 -0.004
501487 -0.008
501488 -0.008
501489 -0.004
501490 -0.002
501491 -0.006
501492 -0.004
501493 -0.002
501494 0.0
501495 0.0
501496 0.002
501497 -0.002
501498 0.0
501499 0.0
501500 -0.002
501501 0.002
501502 0.0
501503 0.002
501504 0.002
501505 0.0
501506 0.002
501507 0.0
501508 0.0
501509 0.0
501510 0.0
501511 0.0
501512 0.002
501513 0.002
501514 0.006
501515 0.004
501516 0.006
501517 0.004
501518 0.004
501519 0.004
501520 0.002
501521 0.002
501522 0.002
501523 0.0
501524 0.004
501525 0.004
501526 0.004
501527 0.006
501528 0.008
501529 0.004
501530 0.004
501531 0.004
501532 0.004
501533 0.004
501534 0.004
501535 0.006
501536 0.002
501537 0.0
501538 0.0
501539 -0.004
501540 -0.002
501541 0.002
501542 -0.006
501543 -0.006
501544 -0.002
501545 -0.004
501546 -0.008
501547 -0.002
501548 -0.004
501549 -0.004
501550 0.002
501551 0.0
501552 -0.004
501553 -0.006
501554 -0.006
501555 -0.008
501556 -0.004
501557 -0.002
501558 -0.006
501559 -0.004
501560 -0.006
501561 -0.006
501562 -0.002
501563 -0.002
501564 -0.008
501565 -0.008
501566 -0.004
501567 -0.002
501568 -0.004
501569 -0.004
501570 -0.002
501571 0.0
501572 0.0
501573 -0.004
501574 0.0
501575 -0.002
501576 0.0
501577 0.002
501578 0.004
501579 0.0
501580 0.0
501581 0.002
501582 0.006
501583 0.0
501584 0.002
501585 0.002
501586 0.002
501587 0.004
501588 0.006
501589 0.008
501590 0.008
501591 0.004
501592 0.004
501593 0.004
501594 0.006
501595 0.01
501596 0.008
501597 0.002
501598 0.0
501599 0.002
501600 0.002
501601 0.002
501602 0.0
501603 -0.004
501604 0.002
501605 0.006
501606 0.006
501607 0.006
501608 0.004
501609 0.004
501610 0.0
501611 0.0
501612 0.004
501613 0.004
501614 0.004
501615 0.002
501616 -0.002
501617 0.0
501618 0.002
501619 0.004
501620 0.0
501621 -0.004
501622 0.0
501623 0.006
501624 0.002
501625 0.002
501626 -0.01
501627 -0.006
501628 0.0
501629 -0.002
501630 -0.004
501631 -0.006
501632 -0.008
501633 -0.012
501634 -0.012
501635 -0.014
501636 -0.02
501637 -0.014
501638 -0.012
501639 -0.012
501640 -0.016
501641 -0.012
501642 -0.012
501643 -0.004
501644 -0.008
501645 -0.012
501646 -0.006
501647 0.004
501648 0.004
501649 -0.004
501650 0.0
501651 0.004
501652 0.01
501653 0.01
501654 0.008
501655 0.014
501656 0.028
501657 0.012
501658 0.02
501659 0.028
501660 0.012
501661 0.008
501662 0.022
501663 0.01
501664 0.01
501665 0.014
501666 0.02
501667 0.016
501668 0.0
501669 0.012
501670 0.004
501671 0.002
501672 0.01
501673 -0.002
501674 -0.002
501675 0.012
501676 -0.008
501677 -0.004
501678 0.0
501679 -0.002
501680 -0.002
501681 -0.002
501682 0.0
501683 -0.01
501684 -0.002
501685 -0.002
501686 -0.014
501687 0.0
501688 -0.008
501689 -0.008
501690 -0.012
501691 -0.01
501692 -0.004
501693 -0.008
501694 0.0
501695 -0.014
501696 -0.006
501697 -0.004
501698 -0.002
501699 -0.008
501700 0.0
501701 0.002
501702 -0.006
501703 0.0
501704 -0.008
501705 0.004
501706 -0.006
501707 0.004
501708 -0.006
501709 0.0
501710 -0.004
501711 0.004
501712 -0.002
501713 0.0
501714 0.002
501715 -0.002
501716 0.002
501717 0.0
501718 0.002
501719 -0.002
501720 0.008
501721 -0.004
501722 0.004
501723 -0.002
501724 0.006
501725 -0.002
501726 0.006
501727 -0.008
501728 0.002
501729 0.002
501730 0.004
501731 0.002
501732 0.004
501733 0.002
501734 0.004
501735 0.004
501736 -0.006
501737 0.006
501738 -0.004
501739 0.006
501740 -0.006
501741 0.01
501742 -0.008
501743 0.014
501744 -0.002
501745 0.012
501746 0.004
501747 0.002
501748 0.008
501749 0.002
501750 0.008
501751 -0.004
501752 0.006
501753 -0.004
501754 0.004
501755 0.0
501756 -0.004
501757 0.012
501758 -0.01
501759 0.01
501760 -0.01
501761 -0.006
501762 0.008
501763 -0.014
501764 0.008
501765 -0.006
501766 -0.006
501767 0.006
501768 -0.014
501769 0.006
501770 0.002
501771 -0.012
501772 0.004
501773 -0.004
501774 -0.01
501775 0.004
501776 -0.006
501777 -0.006
501778 0.012
501779 -0.01
501780 -0.002
501781 0.01
501782 -0.016
501783 0.004
501784 0.01
501785 -0.016
501786 0.006
501787 0.008
501788 -0.01
501789 0.002
501790 0.008
501791 -0.016
501792 0.004
501793 0.012
501794 -0.016
501795 0.004
501796 0.01
501797 -0.006
501798 0.0
501799 0.022
501800 -0.004
501801 -0.008
501802 0.02
501803 0.002
501804 -0.004
501805 0.01
501806 0.01
501807 -0.016
501808 -0.004
501809 0.014
501810 -0.01
501811 -0.012
501812 0.004
501813 0.01
501814 -0.016
501815 -0.006
501816 0.006
501817 0.002
501818 -0.016
501819 -0.004
501820 0.004
501821 -0.01
501822 -0.006
501823 0.0
501824 0.002
501825 -0.008
501826 0.002
501827 -0.002
501828 0.004
501829 -0.006
501830 0.006
501831 0.002
501832 -0.002
501833 -0.004
501834 0.01
501835 0.004
501836 -0.004
501837 0.004
501838 0.012
501839 0.008
501840 0.0
501841 0.01
501842 0.008
501843 0.008
501844 0.002
501845 0.008
501846 0.0
501847 0.008
501848 0.002
501849 0.012
501850 0.004
501851 0.008
501852 -0.002
501853 0.002
501854 0.002
501855 0.002
501856 -0.004
501857 0.006
501858 -0.002
501859 -0.002
501860 -0.006
501861 0.004
501862 -0.002
501863 0.0
501864 -0.004
501865 0.004
501866 0.002
501867 -0.002
501868 -0.006
501869 0.004
501870 -0.002
501871 -0.01
501872 0.0
501873 -0.004
501874 -0.014
501875 0.0
501876 -0.004
501877 -0.014
501878 0.0
501879 -0.004
501880 -0.008
501881 -0.002
501882 -0.002
501883 -0.006
501884 -0.002
501885 -0.004
501886 -0.002
501887 0.002
501888 -0.002
501889 -0.002
501890 -0.004
501891 0.004
501892 -0.004
501893 0.0
501894 0.002
501895 0.002
501896 0.0
501897 0.004
501898 0.004
501899 0.006
501900 0.006
501901 0.006
501902 0.006
501903 0.006
501904 0.01
501905 0.01
501906 0.006
501907 0.01
501908 0.01
501909 0.01
501910 0.01
501911 0.01
501912 0.01
501913 0.008
501914 0.01
501915 0.008
501916 0.006
501917 0.008
501918 0.004
501919 -0.002
501920 0.002
501921 0.002
501922 -0.002
501923 -0.004
501924 0.0
501925 -0.004
501926 -0.002
501927 -0.004
501928 -0.004
501929 -0.006
501930 -0.006
501931 -0.006
501932 -0.008
501933 -0.006
501934 -0.008
501935 -0.008
501936 -0.006
501937 -0.01
501938 -0.008
501939 -0.01
501940 -0.008
501941 -0.008
501942 -0.008
501943 -0.008
501944 -0.004
501945 -0.006
501946 -0.006
501947 -0.008
501948 -0.006
501949 -0.004
501950 -0.004
501951 -0.004
501952 -0.002
501953 0.002
501954 0.0
501955 0.002
501956 0.0
501957 -0.002
501958 0.0
501959 0.004
501960 0.006
501961 0.004
501962 0.004
501963 0.004
501964 0.002
501965 0.002
501966 0.002
501967 0.002
501968 0.004
501969 0.006
501970 0.006
501971 0.006
501972 0.006
501973 0.008
501974 0.006
501975 0.008
501976 0.008
501977 0.008
501978 0.008
501979 0.008
501980 0.006
501981 0.006
501982 0.008
501983 0.008
501984 0.006
501985 0.006
501986 0.006
501987 0.004
501988 0.002
501989 0.008
501990 0.004
501991 0.0
501992 0.0
501993 0.0
501994 -0.002
501995 -0.004
501996 -0.006
501997 -0.004
501998 -0.008
501999 -0.006
502000 -0.014
502001 -0.006
502002 -0.006
502003 -0.016
502004 -0.014
502005 -0.012
502006 -0.012
502007 -0.008
502008 -0.01
502009 -0.008
502010 -0.006
502011 -0.002
502012 -0.01
502013 -0.006
502014 -0.004
502015 -0.006
502016 -0.004
502017 -0.004
502018 -0.004
502019 -0.002
502020 0.002
502021 0.0
502022 0.002
502023 0.002
502024 0.002
502025 0.004
502026 0.004
502027 0.004
502028 0.006
502029 0.006
502030 0.008
502031 0.008
502032 0.01
502033 0.01
502034 0.01
502035 0.008
502036 0.01
502037 0.012
502038 0.012
502039 0.01
502040 0.014
502041 0.012
502042 0.012
502043 0.008
502044 0.01
502045 0.012
502046 0.012
502047 0.012
502048 0.008
502049 0.006
502050 0.004
502051 0.004
502052 0.0
502053 0.0
502054 -0.002
502055 0.0
502056 0.0
502057 -0.006
502058 -0.008
502059 -0.006
502060 -0.008
502061 -0.014
502062 -0.014
502063 -0.012
502064 -0.014
502065 -0.022
502066 -0.016
502067 -0.016
502068 -0.024
502069 -0.008
502070 -0.018
502071 -0.02
502072 -0.02
502073 -0.02
502074 -0.016
502075 -0.014
502076 -0.012
502077 -0.01
502078 -0.004
502079 -0.004
502080 -0.01
502081 0.002
502082 0.002
502083 0.0
502084 0.002
502085 0.006
502086 0.006
502087 0.004
502088 0.006
502089 0.008
502090 0.008
502091 0.01
502092 0.014
502093 0.016
502094 0.014
502095 0.012
502096 0.012
502097 0.022
502098 0.018
502099 0.02
502100 0.022
502101 0.02
502102 0.016
502103 0.018
502104 0.012
502105 0.014
502106 0.016
502107 0.018
502108 0.012
502109 0.012
502110 0.016
502111 0.016
502112 0.012
502113 0.008
502114 0.012
502115 0.006
502116 0.006
502117 0.004
502118 0.004
502119 0.008
502120 0.0
502121 0.0
502122 -0.002
502123 -0.004
502124 -0.004
502125 -0.006
502126 -0.008
502127 -0.01
502128 -0.01
502129 -0.008
502130 -0.016
502131 -0.018
502132 -0.018
502133 -0.018
502134 -0.018
502135 -0.012
502136 -0.024
502137 -0.024
502138 -0.024
502139 -0.026
502140 -0.032
502141 -0.028
502142 -0.026
502143 -0.024
502144 -0.028
502145 -0.022
502146 -0.02
502147 -0.02
502148 -0.018
502149 -0.008
502150 -0.014
502151 -0.01
502152 -0.01
502153 -0.006
502154 -0.012
502155 -0.008
502156 -0.006
502157 -0.002
502158 -0.006
502159 -0.008
502160 0.002
502161 0.004
502162 0.002
502163 0.002
502164 0.006
502165 0.012
502166 0.01
502167 0.016
502168 0.014
502169 0.016
502170 0.02
502171 0.02
502172 0.022
502173 0.024
502174 0.026
502175 0.028
502176 0.03
502177 0.03
502178 0.034
502179 0.034
502180 0.034
502181 0.036
502182 0.032
502183 0.04
502184 0.038
502185 0.036
502186 0.046
502187 0.04
502188 0.038
502189 0.036
502190 0.032
502191 0.038
502192 0.036
502193 0.03
502194 0.028
502195 0.032
502196 0.03
502197 0.022
502198 0.022
502199 0.022
502200 0.016
502201 0.01
502202 0.006
502203 0.0
502204 -0.002
502205 -0.008
502206 -0.016
502207 -0.028
502208 -0.032
502209 -0.034
502210 -0.044
502211 -0.052
502212 -0.058
502213 -0.064
502214 -0.074
502215 -0.082
502216 -0.094
502217 -0.102
502218 -0.114
502219 -0.124
502220 -0.134
502221 -0.142
502222 -0.148
502223 -0.158
502224 -0.162
502225 -0.172
502226 -0.066
502227 -0.038
502228 -0.032
502229 -0.032
502230 -0.034
502231 0.062
502232 0.098
502233 0.108
502234 0.122
502235 0.112
502236 0.104
502237 0.096
502238 0.08
502239 0.078
502240 0.074
502241 0.07
502242 0.068
502243 0.068
502244 0.064
502245 0.068
502246 0.064
502247 0.06
502248 0.056
502249 0.052
502250 0.048
502251 0.046
502252 0.042
502253 0.04
502254 0.038
502255 0.034
502256 0.03
502257 0.028
502258 0.04
502259 0.034
502260 0.03
502261 0.028
502262 0.024
502263 0.02
502264 0.018
502265 0.016
502266 0.012
502267 0.012
502268 0.006
502269 0.004
502270 -0.014
502271 -0.012
502272 -0.012
502273 -0.016
502274 -0.018
502275 -0.018
502276 -0.01
502277 -0.004
502278 0.002
502279 -0.012
502280 -0.012
502281 -0.032
502282 -0.04
502283 -0.036
502284 -0.056
502285 -0.064
502286 -0.07
502287 -0.07
502288 -0.048
502289 -0.056
502290 -0.066
502291 -0.074
502292 -0.088
502293 -0.102
502294 -0.098
502295 -0.096
502296 -0.072
502297 -0.072
502298 -0.08
502299 -0.082
502300 -0.082
502301 -0.076
502302 -0.072
502303 -0.054
502304 -0.046
502305 -0.034
502306 -0.022
502307 -0.02
502308 -0.008
502309 0.006
502310 0.016
502311 0.024
502312 0.038
502313 0.048
502314 0.058
502315 0.062
502316 0.074
502317 0.1
502318 0.136
502319 0.152
502320 0.162
502321 0.166
502322 0.17
502323 0.154
502324 0.13
502325 0.114
502326 0.1
502327 0.088
502328 0.076
502329 0.064
502330 0.052
502331 0.042
502332 0.03
502333 0.022
502334 0.014
502335 0.004
502336 -0.002
502337 -0.01
502338 -0.016
502339 -0.024
502340 -0.03
502341 -0.034
502342 -0.04
502343 -0.044
502344 -0.048
502345 -0.052
502346 -0.054
502347 -0.058
502348 -0.06
502349 -0.06
502350 -0.06
502351 -0.062
502352 -0.06
502353 -0.06
502354 -0.058
502355 -0.056
502356 -0.054
502357 -0.052
502358 -0.05
502359 -0.046
502360 -0.044
502361 -0.04
502362 -0.036
502363 -0.034
502364 -0.03
502365 -0.026
502366 -0.024
502367 -0.02
502368 -0.016
502369 -0.014
502370 -0.01
502371 -0.008
502372 -0.004
502373 -0.002
502374 0.002
502375 0.004
502376 0.006
502377 0.008
502378 0.01
502379 0.012
502380 0.014
502381 0.016
502382 0.018
502383 0.02
502384 0.02
502385 0.022
502386 0.024
502387 0.024
502388 0.026
502389 0.026
502390 0.028
502391 0.028
502392 0.028
502393 0.028
502394 0.028
502395 0.028
502396 0.028
502397 0.028
502398 0.026
502399 0.026
502400 0.024
502401 0.022
502402 0.02
502403 0.018
502404 0.018
502405 0.016
502406 0.014
502407 0.012
502408 0.01
502409 0.008
502410 0.006
502411 0.006
502412 0.004
502413 0.002
502414 0.002
502415 0.0
502416 -0.002
502417 -0.002
502418 -0.004
502419 -0.004
502420 -0.006
502421 -0.006
502422 -0.006
502423 -0.008
502424 -0.008
502425 -0.008
502426 -0.008
502427 -0.008
502428 -0.008
502429 -0.008
502430 -0.008
502431 -0.01
502432 -0.01
502433 -0.01
502434 -0.01
502435 -0.012
502436 -0.012
502437 -0.014
502438 -0.014
502439 -0.016
502440 -0.016
502441 -0.016
502442 -0.016
502443 -0.018
502444 -0.018
502445 -0.018
502446 -0.018
502447 -0.018
502448 -0.018
502449 -0.018
502450 -0.018
502451 -0.018
502452 -0.016
502453 -0.016
502454 -0.014
502455 -0.012
502456 -0.01
502457 -0.008
502458 -0.006
502459 -0.004
502460 -0.002
502461 0.002
502462 0.004
502463 0.006
502464 0.008
502465 0.01
502466 0.012
502467 0.014
502468 0.016
502469 0.018
502470 0.02
502471 0.02
502472 0.022
502473 0.022
502474 0.022
502475 0.022
502476 0.022
502477 0.022
502478 0.02
502479 0.02
502480 0.018
502481 0.016
502482 0.014
502483 0.012
502484 0.01
502485 0.008
502486 0.006
502487 0.004
502488 0.002
502489 0.0
502490 0.0
502491 -0.002
502492 -0.002
502493 -0.004
502494 -0.004
502495 -0.004
502496 -0.006
502497 -0.006
502498 -0.006
502499 -0.006
502500 -0.008
502501 -0.008
502502 -0.008
502503 -0.008
502504 -0.01
502505 -0.01
502506 -0.01
502507 -0.01
502508 -0.01
502509 -0.01
502510 -0.008
502511 -0.008
502512 -0.008
502513 -0.006
502514 -0.006
502515 -0.006
502516 -0.004
502517 -0.004
502518 -0.004
502519 -0.002
502520 -0.002
502521 -0.002
502522 0.0
502523 0.0
502524 0.002
502525 0.002
502526 0.004
502527 0.004
502528 0.004
502529 0.004
502530 0.004
502531 0.004
502532 0.004
502533 0.004
502534 0.002
502535 0.002
502536 0.002
502537 0.002
502538 0.002
502539 0.002
502540 0.0
502541 0.0
502542 0.0
502543 -0.002
502544 -0.002
502545 -0.002
502546 -0.002
502547 -0.002
502548 -0.004
502549 -0.004
502550 -0.004
502551 -0.004
502552 -0.004
502553 -0.004
502554 -0.004
502555 -0.002
502556 -0.002
502557 -0.002
502558 0.0
502559 0.0
502560 0.0
502561 0.002
502562 0.002
502563 0.002
502564 0.002
502565 0.002
502566 0.002
502567 0.004
502568 0.002
502569 0.002
502570 0.002
502571 0.002
502572 0.002
502573 0.002
502574 0.002
502575 0.002
