496044 -2.949
496043 -2.95
496044 -2.956
496045 -2.959
496046 -2.953
496047 -2.947
496048 -2.945
496049 -2.932
496050 -2.928
496051 -2.932
496052 -2.932
496053 -2.934
496054 -2.937
496055 -2.935
496056 -2.928
496057 -2.925
496058 -2.927
496059 -2.928
496060 -2.936
496061 -2.937
496062 -2.938
496063 -2.94
496064 -2.948
496065 -2.956
496066 -2.959
496067 -2.96
496068 -2.952
496069 -2.957
496070 -2.961
496071 -2.958
496072 -2.954
496073 -2.963
496074 -2.964
496075 -2.966
496076 -2.955
496077 -2.957
496078 -2.949
496079 -2.956
496080 -2.948
496081 -2.941
496082 -2.942
496083 -2.943
496084 -2.947
496085 -2.952
496086 -2.948
496087 -2.941
496088 -2.941
496089 -2.947
496090 -2.947
496091 -2.947
496092 -2.946
496093 -2.945
496094 -2.945
496095 -2.955
496096 -2.951
496097 -2.947
496098 -2.943
496099 -2.943
496100 -2.946
496101 -2.945
496102 -2.949
496103 -2.95
496104 -2.95
496105 -2.938
496106 -2.937
496107 -2.942
496108 -2.944
496109 -2.943
496110 -2.942
496111 -2.943
496112 -2.935
496113 -2.939
496114 -2.942
496115 -2.942
496116 -2.95
496117 -2.95
496118 -2.961
496119 -2.956
496120 -2.951
496121 -2.948
496122 -2.946
496123 -2.949
496124 -2.947
496125 -2.941
496126 -2.935
496127 -2.939
496128 -2.933
496129 -2.935
496130 -2.935
496131 -2.946
496132 -2.948
496133 -2.948
496134 -2.945
496135 -2.944
496136 -2.952
496137 -2.953
496138 -2.958
496139 -2.955
496140 -2.958
496141 -2.964
496142 -2.964
496143 -2.964
496144 -2.961
496145 -2.961
496146 -2.959
496147 -2.953
496148 -2.946
496149 -2.935
496150 -2.934
496151 -2.931
496152 -2.933
496153 -2.935
496154 -2.933
496155 -2.925
496156 -2.931
496157 -2.929
496158 -2.926
496159 -2.922
496160 -2.926
496161 -2.932
496162 -2.94
496163 -2.955
496164 -2.946
496165 -2.947
496166 -2.958
496167 -2.962
496168 -2.969
496169 -2.971
496170 -2.968
496171 -2.964
496172 -2.959
496173 -2.954
496174 -2.951
496175 -2.949
496176 -2.951
496177 -2.955
496178 -2.954
496179 -2.949
496180 -2.943
496181 -2.937
496182 -2.933
496183 -2.926
496184 -2.931
496185 -2.934
496186 -2.932
496187 -2.933
496188 -2.932
496189 -2.93
496190 -2.931
496191 -2.939
496192 -2.945
496193 -2.945
496194 -2.948
496195 -2.954
496196 -2.951
496197 -2.941
496198 -2.935
496199 -2.935
496200 -2.94
496201 -2.944
496202 -2.942
496203 -2.946
496204 -2.945
496205 -2.949
496206 -2.955
496207 -2.957
496208 -2.961
496209 -2.958
496210 -2.959
496211 -2.961
496212 -2.962
496213 -2.971
496214 -2.966
496215 -2.956
496216 -2.941
496217 -2.938
496218 -2.936
496219 -2.938
496220 -2.938
496221 -2.936
496222 -2.941
496223 -2.944
496224 -2.946
496225 -2.951
496226 -2.954
496227 -2.96
496228 -2.954
496229 -2.947
496230 -2.942
496231 -2.937
496232 -2.937
496233 -2.942
496234 -2.943
496235 -2.947
496236 -2.951
496237 -2.955
496238 -2.959
496239 -2.957
496240 -2.948
496241 -2.953
496242 -2.953
496243 -2.954
496244 -2.948
496245 -2.942
496246 -2.935
496247 -2.934
496248 -2.941
496249 -2.937
496250 -2.933
496251 -2.934
496252 -2.93
496253 -2.932
496254 -2.934
496255 -2.932
496256 -2.928
496257 -2.927
496258 -2.93
496259 -2.936
496260 -2.944
496261 -2.944
496262 -2.943
496263 -2.943
496264 -2.939
496265 -2.941
496266 -2.938
496267 -2.94
496268 -2.944
496269 -2.945
496270 -2.952
496271 -2.959
496272 -2.969
496273 -2.972
496274 -2.974
496275 -2.973
496276 -2.969
496277 -2.961
496278 -2.957
496279 -2.953
496280 -2.959
496281 -2.958
496282 -2.955
496283 -2.955
496284 -2.954
496285 -2.951
496286 -2.953
496287 -2.954
496288 -2.947
496289 -2.954
496290 -2.96
496291 -2.956
496292 -2.951
496293 -2.951
496294 -2.943
496295 -2.945
496296 -2.95
496297 -2.949
496298 -2.952
496299 -2.955
496300 -2.962
496301 -2.96
496302 -2.961
496303 -2.955
496304 -2.953
496305 -2.951
496306 -2.95
496307 -2.946
496308 -2.949
496309 -2.951
496310 -2.948
496311 -2.948
496312 -2.953
496313 -2.955
496314 -2.957
496315 -2.952
496316 -2.951
496317 -2.957
496318 -2.96
496319 -2.953
496320 -2.949
496321 -2.946
496322 -2.946
496323 -2.949
496324 -2.948
496325 -2.948
496326 -2.948
496327 -2.948
496328 -2.947
496329 -2.946
496330 -2.945
496331 -2.942
496332 -2.945
496333 -2.936
496334 -2.936
496335 -2.93
496336 -2.933
496337 -2.93
496338 -2.926
496339 -2.936
496340 -2.937
496341 -2.944
496342 -2.951
496343 -2.95
496344 -2.954
496345 -2.956
496346 -2.95
496347 -2.949
496348 -2.941
496349 -2.941
496350 -2.943
496351 -2.947
496352 -2.944
496353 -2.942
496354 -2.944
496355 -2.944
496356 -2.944
496357 -2.95
496358 -2.959
496359 -2.96
496360 -2.969
496361 -2.966
496362 -2.966
496363 -2.964
496364 -2.966
496365 -2.964
496366 -2.964
496367 -2.964
496368 -2.957
496369 -2.955
496370 -2.95
496371 -2.942
496372 -2.94
496373 -2.937
496374 -2.933
496375 -2.932
496376 -2.932
496377 -2.931
496378 -2.935
496379 -2.941
496380 -2.947
496381 -2.949
496382 -2.956
496383 -2.955
496384 -2.956
496385 -2.956
496386 -2.961
496387 -2.957
496388 -2.959
496389 -2.963
496390 -2.958
496391 -2.967
496392 -2.973
496393 -2.975
496394 -2.977
496395 -2.977
496396 -2.971
496397 -2.963
496398 -2.95
496399 -2.945
496400 -2.944
496401 -2.941
496402 -2.942
496403 -2.944
496404 -2.95
496405 -2.949
496406 -2.944
496407 -2.941
496408 -2.941
496409 -2.949
496410 -2.955
496411 -2.957
496412 -2.952
496413 -2.96
496414 -2.967
496415 -2.973
496416 -2.981
496417 -2.979
496418 -2.979
496419 -2.977
496420 -2.977
496421 -2.975
496422 -2.977
496423 -2.971
496424 -2.971
496425 -2.966
496426 -2.964
496427 -2.958
496428 -2.951
496429 -2.95
496430 -2.951
496431 -2.95
496432 -2.946
496433 -2.947
496434 -2.943
496435 -2.942
496436 -2.939
496437 -2.943
496438 -2.946
496439 -2.948
496440 -2.952
496441 -2.953
496442 -2.957
496443 -2.961
496444 -2.958
496445 -2.959
496446 -2.959
496447 -2.955
496448 -2.949
496449 -2.95
496450 -2.946
496451 -2.946
496452 -2.944
496453 -2.94
496454 -2.935
496455 -2.935
496456 -2.94
496457 -2.941
496458 -2.941
496459 -2.946
496460 -2.946
496461 -2.943
496462 -2.943
496463 -2.943
496464 -2.945
496465 -2.952
496466 -2.952
496467 -2.952
496468 -2.952
496469 -2.953
496470 -2.956
496471 -2.956
496472 -2.953
496473 -2.955
496474 -2.952
496475 -2.953
496476 -2.957
496477 -2.955
496478 -2.956
496479 -2.956
496480 -2.955
496481 -2.955
496482 -2.953
496483 -2.958
496484 -2.962
496485 -2.961
496486 -2.96
496487 -2.96
496488 -2.957
496489 -2.957
496490 -2.957
496491 -2.949
496492 -2.945
496493 -2.945
496494 -2.95
496495 -2.949
496496 -2.949
496497 -2.95
496498 -2.956
496499 -2.948
496500 -2.945
496501 -2.945
496502 -2.947
496503 -2.951
496504 -2.949
496505 -2.949
496506 -2.949
496507 -2.952
496508 -2.945
496509 -2.951
496510 -2.952
496511 -2.954
496512 -2.958
496513 -2.961
496514 -2.957
496515 -2.957
496516 -2.958
496517 -2.956
496518 -2.958
496519 -2.955
496520 -2.953
496521 -2.956
496522 -2.96
496523 -2.957
496524 -2.955
496525 -2.956
496526 -2.952
496527 -2.947
496528 -2.945
496529 -2.941
496530 -2.936
496531 -2.936
496532 -2.934
496533 -2.937
496534 -2.94
496535 -2.939
496536 -2.938
496537 -2.941
496538 -2.936
496539 -2.945
496540 -2.947
496541 -2.948
496542 -2.95
496543 -2.961
496544 -2.969
496545 -2.973
496546 -2.981
496547 -2.986
496548 -2.987
496549 -2.988
496550 -2.993
496551 -2.99
496552 -2.986
496553 -2.983
496554 -2.976
496555 -2.972
496556 -2.968
496557 -2.965
496558 -2.961
496559 -2.962
496560 -2.958
496561 -2.957
496562 -2.954
496563 -2.953
496564 -2.953
496565 -2.945
496566 -2.946
496567 -2.95
496568 -2.942
496569 -2.943
496570 -2.936
496571 -2.934
496572 -2.934
496573 -2.941
496574 -2.946
496575 -2.949
496576 -2.949
496577 -2.952
496578 -2.951
496579 -2.961
496580 -2.965
496581 -2.937
496582 -2.934
496583 -2.941
496584 -2.922
496585 -2.953
496586 -2.933
496587 -2.959
496588 -2.955
496589 -2.978
496590 -2.893
496591 -2.926
496592 -2.977
496593 -2.979
496594 -2.913
496595 -2.998
496596 -2.993
496597 -2.967
496598 -2.994
496599 -2.97
496600 -2.963
496601 -2.968
496602 -2.976
496603 -3.012
496604 -2.975
496605 -2.993
496606 -2.983
496607 -2.961
496608 -2.938
496609 -2.95
496610 -2.939
496611 -2.923
496612 -2.956
496613 -2.919
496614 -2.938
496615 -2.957
496616 -2.929
496617 -2.942
496618 -2.976
496619 -2.98
496620 -2.952
496621 -3.003
496622 -2.967
496623 -2.96
496624 -2.963
496625 -2.961
496626 -2.996
496627 -2.952
496628 -2.949
496629 -2.961
496630 -2.961
496631 -2.99
496632 -2.963
496633 -2.985
496634 -2.963
496635 -2.982
496636 -2.977
496637 -2.972
496638 -2.968
496639 -2.981
496640 -2.986
496641 -2.984
496642 -2.974
496643 -2.986
496644 -2.973
496645 -2.978
496646 -2.976
496647 -2.979
496648 -2.969
496649 -2.949
496650 -2.96
496651 -2.948
496652 -2.969
496653 -2.965
496654 -2.952
496655 -2.942
496656 -2.957
496657 -2.955
496658 -2.976
496659 -2.98
496660 -2.976
496661 -2.98
496662 -2.98
496663 -2.981
496664 -2.98
496665 -2.983
496666 -2.979
496667 -2.981
496668 -2.976
496669 -2.974
496670 -2.969
496671 -2.97
496672 -2.974
496673 -2.973
496674 -2.979
496675 -2.978
496676 -2.977
496677 -2.979
496678 -2.973
496679 -2.972
496680 -2.972
496681 -2.967
496682 -2.966
496683 -2.963
496684 -2.963
496685 -2.967
496686 -2.964
496687 -2.961
496688 -2.956
496689 -2.952
496690 -2.951
496691 -2.948
496692 -2.952
496693 -2.955
496694 -2.956
496695 -2.956
496696 -2.96
496697 -2.964
496698 -2.96
496699 -2.958
496700 -2.953
496701 -2.952
496702 -2.95
496703 -2.95
496704 -2.951
496705 -2.954
496706 -2.956
496707 -2.955
496708 -2.958
496709 -2.961
496710 -2.965
496711 -2.971
496712 -2.979
496713 -2.979
496714 -2.982
496715 -2.985
496716 -2.986
496717 -2.99
496718 -2.991
496719 -2.99
496720 -2.996
496721 -2.993
496722 -2.992
496723 -2.99
496724 -2.996
496725 -2.993
496726 -2.99
496727 -2.99
496728 -2.988
496729 -2.985
496730 -2.984
496731 -2.98
496732 -2.983
496733 -2.983
496734 -2.979
496735 -2.975
496736 -2.969
496737 -2.963
496738 -2.961
496739 -2.96
496740 -2.962
496741 -2.957
496742 -2.955
496743 -2.951
496744 -2.949
496745 -2.949
496746 -2.951
496747 -2.951
496748 -2.948
496749 -2.953
496750 -2.954
496751 -2.954
496752 -2.956
496753 -2.961
496754 -2.965
496755 -2.968
496756 -2.977
496757 -2.982
496758 -2.989
496759 -2.987
496760 -2.984
496761 -2.988
496762 -2.993
496763 -2.994
496764 -2.996
496765 -2.996
496766 -2.996
496767 -2.996
496768 -2.999
496769 -2.996
496770 -2.994
496771 -2.988
496772 -2.981
496773 -2.98
496774 -2.981
496775 -2.987
496776 -2.986
496777 -2.987
496778 -2.983
496779 -2.984
496780 -2.983
496781 -2.983
496782 -2.985
496783 -2.983
496784 -2.981
496785 -2.984
496786 -2.987
496787 -2.987
496788 -2.987
496789 -2.991
496790 -2.985
496791 -2.988
496792 -2.986
496793 -2.985
496794 -2.976
496795 -2.973
496796 -2.968
496797 -2.964
496798 -2.957
496799 -2.953
496800 -2.956
496801 -2.953
496802 -2.956
496803 -2.963
496804 -2.959
496805 -2.958
496806 -2.957
496807 -2.957
496808 -2.965
496809 -2.967
496810 -2.971
496811 -2.969
496812 -2.973
496813 -2.98
496814 -2.983
496815 -2.986
496816 -2.992
496817 -2.997
496818 -3.002
496819 -3.006
496820 -3.012
496821 -3.01
496822 -3.01
496823 -3.005
496824 -3.004
496825 -3.005
496826 -3.001
496827 -2.996
496828 -2.993
496829 -2.985
496830 -2.981
496831 -2.984
496832 -2.983
496833 -2.981
496834 -2.979
496835 -2.984
496836 -2.985
496837 -2.982
496838 -2.978
496839 -2.97
496840 -2.972
496841 -2.973
496842 -2.976
496843 -2.978
496844 -2.975
496845 -2.969
496846 -2.973
496847 -2.971
496848 -2.976
496849 -2.976
496850 -2.981
496851 -2.983
496852 -2.984
496853 -2.982
496854 -2.981
496855 -2.983
496856 -2.982
496857 -2.981
496858 -2.976
496859 -2.973
496860 -2.971
496861 -2.968
496862 -2.966
496863 -2.967
496864 -2.965
496865 -2.969
496866 -2.974
496867 -2.977
496868 -2.973
496869 -2.973
496870 -2.98
496871 -2.976
496872 -2.971
496873 -2.971
496874 -2.971
496875 -2.969
496876 -2.968
496877 -2.969
496878 -2.968
496879 -2.966
496880 -2.968
496881 -2.966
496882 -2.967
496883 -2.966
496884 -2.973
496885 -2.975
496886 -2.979
496887 -2.982
496888 -2.975
496889 -2.95
496890 -2.923
496891 -2.908
496892 -2.852
496893 -2.847
496894 -2.848
496895 -2.847
496896 -2.848
496897 -2.811
496898 -2.795
496899 -2.827
496900 -2.824
496901 -2.829
496902 -2.826
496903 -2.827
496904 -2.83
496905 -2.834
496906 -2.831
496907 -2.839
496908 -2.834
496909 -2.833
496910 -2.834
496911 -2.836
496912 -2.838
496913 -2.844
496914 -2.85
496915 -2.849
496916 -2.851
496917 -2.944
496918 -2.814
496919 -2.819
496920 -2.771
496921 -2.839
496922 -2.851
496923 -2.849
496924 -2.847
496925 -2.842
496926 -2.839
496927 -2.836
496928 -2.83
496929 -2.832
496930 -2.821
496931 -2.816
496932 -2.815
496933 -2.82
496934 -2.814
496935 -2.801
496936 -2.775
496937 -2.799
496938 -2.799
496939 -2.804
496940 -2.81
496941 -2.813
496942 -2.815
496943 -2.82
496944 -2.826
496945 -2.837
496946 -2.84
496947 -2.853
496948 -2.854
496949 -2.882
496950 -2.867
496951 -2.878
496952 -2.878
496953 -2.871
496954 -2.522
496955 -1.826
496956 -1.914
496957 -1.02
496958 -1.4
496959 -0.136
496960 -0.452
496961 0.152
496962 -0.343
496963 0.925
496964 -0.36
496965 0.331
496966 -0.178
496967 -0.166
496968 -0.447
496969 -0.919
496970 -1.267
496971 0.719
496972 -0.507
496973 -0.395
496974 -1.236
496975 -1.462
496976 0.138
496977 0.413
496978 0.52
496979 -0.109
496980 -0.405
496981 0.494
496982 0.96
496983 2.037
496984 2.7
496985 2.761
496986 2.926
496987 1.648
496988 4.763
496989 3.674
496990 4.425
496991 2.61
496992 2.664
496993 1.284
496994 -0.72
496995 -0.948
496996 -1.11
496997 -1.093
496998 -1.263
496999 -1.878
497000 -1.684
497001 -1.711
497002 -1.487
497003 -0.665
497004 -0.473
497005 -2.277
497006 -3.05
497007 -7.19
497008 -5.809
497009 -5.674
497010 -5.096
497011 -3.373
497012 -5.162
497013 -5.341
497014 -5.853
497015 -6.036
497016 -6.099
497017 -6.089
497018 -6.08
497019 -6.067
497020 -6.046
497021 -5.852
497022 -5.864
497023 -6.414
497024 -7.36
497025 -8.57
497026 -8.34
497027 -8.383
497028 -8.36
497029 -8.354
497030 -8.459
497031 -8.533
497032 -8.493
497033 -8.58
497034 -8.622
497035 -8.528
497036 -8.499
497037 -8.491
497038 -8.514
497039 -8.437
497040 -8.652
497041 -7.341
497042 -6.542
497043 -4.404
497044 -3.33
497045 -0.727
497046 -0.328
497047 -0.738
497048 -0.488
497049 -0.828
497050 -1.614
497051 -1.649
497052 -1.883
497053 -1.904
497054 -1.887
497055 -1.964
497056 -2.682
497057 -2.922
497058 -0.454
497059 -0.727
497060 -5.845
497061 -2.532
497062 4.781
497063 8.552
497064 0.658
497065 2.98
497066 1.131
497067 0.674
497068 1.467
497069 1.162
497070 0.395
497071 1.271
497072 1.245
497073 1.157
497074 1.215
497075 0.787
497076 0.759
497077 1.576
497078 0.901
497079 0.841
497080 0.528
497081 0.981
497082 1.04
497083 0.531
497084 0.883
497085 1.29
497086 1.081
497087 0.854
497088 1.136
497089 1.726
497090 0.379
497091 0.927
497092 1.344
497093 0.952
497094 0.764
497095 1.031
497096 1.042
497097 0.784
497098 1.229
497099 1.043
497100 0.728
497101 1.051
497102 1.89
497103 1.212
497104 1.262
497105 0.845
497106 0.921
497107 1.557
497108 0.99
497109 0.221
497110 0.511
497111 1.205
497112 1.3
497113 0.989
497114 1.132
497115 1.16
497116 0.706
497117 0.777
497118 1.042
497119 0.871
497120 0.806
497121 1.099
497122 1.049
497123 1.026
497124 0.906
497125 0.934
497126 0.796
497127 0.948
497128 1.026
497129 0.762
497130 0.965
497131 1.026
497132 0.983
497133 1.492
497134 1.046
497135 0.899
497136 1.068
497137 0.876
497138 0.733
497139 1.15
497140 1.071
497141 0.802
497142 0.995
497143 1.071
497144 0.908
497145 0.831
497146 0.853
497147 1.103
497148 0.747
497149 0.768
497150 1.075
497151 1.01
497152 0.842
497153 1.044
497154 1.078
497155 0.84
497156 1.02
497157 1.137
497158 1.004
497159 0.807
497160 0.941
497161 0.985
497162 0.844
497163 0.859
497164 1.106
497165 1.051
497166 1.051
497167 1.054
497168 1.087
497169 0.853
497170 1.106
497171 0.928
497172 0.94
497173 1.087
497174 0.8
497175 0.967
497176 1.04
497177 0.877
497178 1.058
497179 1.035
497180 0.945
497181 0.93
497182 0.983
497183 1.071
497184 0.808
497185 1.009
497186 1.05
497187 0.891
497188 0.906
497189 1.044
497190 0.947
497191 0.862
497192 0.98
497193 1.05
497194 0.901
497195 0.923
497196 1.0
497197 0.907
497198 0.88
497199 1.048
497200 0.945
497201 0.895
497202 0.978
497203 0.97
497204 0.955
497205 0.92
497206 1.01
497207 0.986
497208 0.883
497209 0.978
497210 1.0
497211 0.89
497212 0.97
497213 1.014
497214 0.978
497215 0.919
497216 0.943
497217 1.039
497218 0.938
497219 0.87
497220 1.039
497221 1.026
497222 0.767
497223 0.85
497224 1.126
497225 0.885
497226 0.724
497227 1.012
497228 1.079
497229 0.761
497230 0.866
497231 1.224
497232 0.874
497233 0.718
497234 1.025
497235 1.026
497236 0.734
497237 0.791
497238 0.992
497239 1.02
497240 0.574
497241 0.762
497242 1.192
497243 0.774
497244 0.83
497245 1.168
497246 0.955
497247 0.796
497248 0.96
497249 0.881
497250 0.715
497251 1.016
497252 1.019
497253 0.7
497254 0.977
497255 1.014
497256 0.893
497257 0.764
497258 1.077
497259 1.108
497260 0.891
497261 0.862
497262 1.131
497263 1.064
497264 0.751
497265 0.951
497266 1.139
497267 0.937
497268 1.326
497269 1.243
497270 0.295
497271 0.107
497272 0.879
497273 1.268
497274 0.539
497275 0.77
497276 1.106
497277 0.722
497278 0.672
497279 1.257
497280 0.466
497281 0.388
497282 1.171
497283 0.57
497284 0.144
497285 0.31
497286 0.225
497287 0.664
497288 0.869
497289 0.917
497290 0.81
497291 1.383
497292 1.018
497293 1.001
497294 1.076
497295 1.137
497296 0.813
497297 0.841
497298 1.163
497299 0.954
497300 0.837
497301 0.91
497302 0.847
497303 0.867
497304 0.781
497305 0.822
497306 0.632
497307 0.837
497308 1.011
497309 1.166
497310 1.035
497311 0.725
497312 1.111
497313 1.084
497314 0.661
497315 0.985
497316 1.152
497317 0.906
497318 0.857
497319 1.115
497320 1.217
497321 0.713
497322 0.974
497323 1.108
497324 0.715
497325 0.854
497326 0.975
497327 0.756
497328 0.925
497329 1.035
497330 0.834
497331 0.844
497332 1.494
497333 1.067
497334 1.885
497335 1.038
497336 0.636
497337 0.795
497338 0.618
497339 0.484
497340 0.663
497341 1.161
497342 0.972
497343 0.666
497344 1.207
497345 1.262
497346 0.981
497347 0.754
497348 0.86
497349 1.097
497350 0.842
497351 1.736
497352 3.035
497353 0.444
497354 1.81
497355 1.721
497356 0.447
497357 0.661
497358 1.333
497359 1.052
497360 0.57
497361 0.578
497362 0.944
497363 1.039
497364 0.695
497365 0.786
497366 0.925
497367 0.507
497368 0.782
497369 1.066
497370 0.718
497371 0.965
497372 1.199
497373 0.653
497374 0.689
497375 1.107
497376 0.877
497377 0.649
497378 1.051
497379 1.127
497380 0.848
497381 0.925
497382 0.879
497383 0.82
497384 0.94
497385 1.016
497386 1.024
497387 0.946
497388 1.045
497389 0.868
497390 0.846
497391 1.016
497392 0.936
497393 0.824
497394 0.827
497395 1.077
497396 0.665
497397 0.993
497398 0.96
497399 1.058
497400 1.323
497401 0.862
497402 0.91
497403 1.001
497404 0.973
497405 0.854
497406 0.752
497407 0.838
497408 0.903
497409 0.914
497410 0.831
497411 0.878
497412 1.061
497413 0.801
497414 0.743
497415 1.125
497416 0.951
497417 0.677
497418 0.988
497419 1.13
497420 0.87
497421 0.678
497422 0.963
497423 1.09
497424 0.818
497425 0.817
497426 0.913
497427 0.951
497428 0.9
497429 0.578
497430 -0.451
497431 -1.839
497432 -0.164
497433 0.464
497434 -0.357
497435 2.206
497436 1.936
497437 1.327
497438 1.405
497439 1.542
497440 1.317
497441 1.19
497442 0.694
497443 0.23
497444 0.597
497445 0.881
497446 0.933
497447 0.674
497448 0.367
497449 2.334
497450 2.688
497451 2.437
497452 2.307
497453 2.082
497454 0.749
497455 0.083
497456 -0.034
497457 0.351
497458 0.68
497459 0.738
497460 0.652
497461 0.729
497462 0.786
497463 1.35
497464 1.055
497465 1.008
497466 1.111
497467 1.115
497468 0.552
497469 1.045
497470 0.824
497471 0.582
497472 0.732
497473 0.707
497474 1.038
497475 1.024
497476 0.876
497477 1.212
497478 0.972
497479 1.078
497480 0.602
497481 0.791
497482 0.821
497483 0.581
497484 0.697
497485 0.854
497486 0.849
497487 0.876
497488 1.041
497489 0.996
497490 0.982
497491 0.804
497492 0.739
497493 0.975
497494 0.863
497495 0.908
497496 0.655
497497 0.76
497498 0.857
497499 0.675
497500 0.949
497501 0.894
497502 0.727
497503 0.94
497504 0.781
497505 0.628
497506 -0.741
497507 -1.124
497508 0.324
497509 -1.375
497510 -0.946
497511 -0.756
497512 1.816
497513 2.511
497514 1.931
497515 1.616
497516 1.062
497517 -1.033
497518 -1.148
497519 -0.472
497520 -1.032
497521 0.773
497522 1.352
497523 1.986
497524 1.739
497525 1.086
497526 1.174
497527 1.242
497528 1.04
497529 0.787
497530 0.866
497531 0.795
497532 0.549
497533 0.723
497534 0.801
497535 0.735
497536 0.788
497537 0.785
497538 0.822
497539 0.991
497540 0.701
497541 1.238
497542 0.867
497543 1.045
497544 0.883
497545 1.05
497546 0.8
497547 0.824
497548 0.887
497549 0.953
497550 0.94
497551 0.826
497552 1.086
497553 1.067
497554 0.932
497555 0.878
497556 1.165
497557 0.889
497558 0.99
497559 0.895
497560 0.959
497561 1.005
497562 0.705
497563 2.617
497564 1.641
497565 2.059
497566 4.407
497567 1.21
497568 2.18
497569 1.137
497570 -0.601
497571 -0.571
497572 0.012
497573 0.458
497574 0.215
497575 0.463
497576 2.432
497577 2.507
497578 2.226
497579 1.891
497580 0.005
497581 0.435
497582 0.461
497583 0.545
497584 0.911
497585 1.224
497586 0.948
497587 1.006
497588 1.044
497589 1.281
497590 1.295
497591 0.923
497592 1.189
497593 0.773
497594 0.804
497595 0.846
497596 1.176
497597 0.838
497598 0.649
497599 1.362
497600 0.97
497601 1.162
497602 1.021
497603 1.049
497604 0.813
497605 1.298
497606 0.987
497607 0.977
497608 1.047
497609 1.077
497610 0.968
497611 0.981
497612 1.329
497613 1.057
497614 0.65
497615 1.022
497616 1.06
497617 0.977
497618 1.043
497619 1.038
497620 0.905
497621 0.808
497622 0.998
497623 1.156
497624 1.231
497625 1.167
497626 1.023
497627 1.316
497628 0.592
497629 0.914
497630 0.858
497631 1.093
497632 0.943
497633 0.891
497634 1.015
497635 -0.083
497636 -0.82
497637 -0.133
497638 -0.777
497639 -1.491
497640 0.206
497641 1.069
497642 1.85
497643 2.602
497644 1.258
497645 1.289
497646 1.01
497647 -0.676
497648 -1.198
497649 -0.774
497650 -1.405
497651 1.01
497652 1.865
497653 1.709
497654 1.1
497655 0.898
497656 1.33
497657 1.116
497658 1.037
497659 0.621
497660 0.774
497661 0.727
497662 0.694
497663 0.532
497664 0.834
497665 0.59
497666 0.815
497667 1.031
497668 0.694
497669 0.558
497670 0.517
497671 0.7
497672 1.071
497673 1.131
497674 0.945
497675 1.04
497676 0.844
497677 0.521
497678 0.775
497679 0.697
497680 1.477
497681 0.933
497682 0.768
497683 0.544
497684 0.517
497685 0.847
497686 0.955
497687 0.496
497688 0.878
497689 0.89
497690 1.152
497691 1.045
497692 1.86
497693 2.367
497694 1.695
497695 2.457
497696 2.95
497697 3.175
497698 1.342
497699 0.4
497700 -0.666
497701 -0.381
497702 -0.182
497703 0.523
497704 0.341
497705 0.644
497706 2.406
497707 2.545
497708 1.127
497709 0.785
497710 1.234
497711 1.276
497712 1.154
497713 0.64
497714 0.641
497715 0.717
497716 0.846
497717 0.545
497718 0.893
497719 1.064
497720 1.036
497721 1.152
497722 0.949
497723 0.905
497724 0.981
497725 1.162
497726 0.651
497727 0.633
497728 0.75
497729 0.976
497730 0.7
497731 1.113
497732 1.175
497733 1.107
497734 1.193
497735 1.093
497736 0.908
497737 0.873
497738 0.897
497739 0.791
497740 0.935
497741 0.759
497742 1.154
497743 0.908
497744 1.176
497745 0.943
497746 0.947
497747 0.928
497748 0.71
497749 1.151
497750 0.773
497751 1.118
497752 0.833
497753 0.98
497754 1.128
497755 1.14
497756 0.766
497757 0.6
497758 1.122
497759 0.911
497760 1.191
497761 0.737
497762 1.127
497763 0.977
497764 0.964
497765 -0.701
497766 -0.67
497767 0.283
497768 -0.879
497769 -1.522
497770 0.176
497771 0.692
497772 2.168
497773 2.353
497774 1.657
497775 1.03
497776 0.278
497777 -0.901
497778 -1.07
497779 -0.839
497780 -0.825
497781 1.124
497782 1.933
497783 1.806
497784 1.395
497785 0.788
497786 0.939
497787 1.296
497788 0.985
497789 0.575
497790 1.041
497791 0.677
497792 0.849
497793 0.765
497794 0.779
497795 0.72
497796 0.97
497797 0.726
497798 1.075
497799 1.017
497800 1.149
497801 -0.175
497802 -1.015
497803 0.076
497804 -1.065
497805 -1.328
497806 0.5
497807 0.703
497808 1.795
497809 1.559
497810 1.144
497811 0.768
497812 1.379
497813 1.171
497814 0.929
497815 0.675
497816 0.63
497817 0.972
497818 0.746
497819 0.754
497820 1.195
497821 0.912
497822 0.84
497823 0.938
497824 0.863
497825 1.102
497826 0.868
497827 0.594
497828 1.124
497829 0.254
497830 1.479
497831 0.883
497832 0.979
497833 0.833
497834 0.753
497835 1.165
497836 0.726
497837 0.948
497838 0.851
497839 0.761
497840 0.974
497841 1.065
497842 1.054
497843 1.783
497844 2.417
497845 1.512
497846 2.399
497847 1.975
497848 2.352
497849 0.07
497850 -0.195
497851 1.003
497852 1.087
497853 0.531
497854 1.335
497855 0.836
497856 0.097
497857 1.141
497858 0.685
497859 0.513
497860 1.09
497861 0.889
497862 1.377
497863 1.639
497864 0.655
497865 0.242
497866 0.477
497867 0.671
497868 -0.341
497869 1.847
497870 0.044
497871 -0.758
497872 -0.22
497873 1.075
497874 0.576
497875 0.469
497876 0.948
497877 1.049
497878 0.659
497879 0.797
497880 0.951
497881 0.795
497882 0.634
497883 0.904
497884 1.108
497885 0.921
497886 0.615
497887 0.94
497888 1.192
497889 0.865
497890 0.876
497891 0.913
497892 0.815
497893 0.855
497894 1.041
497895 0.915
497896 1.068
497897 2.668
497898 1.255
497899 0.556
497900 0.885
497901 0.815
497902 0.844
497903 0.876
497904 0.898
497905 1.152
497906 0.698
497907 0.616
497908 1.127
497909 1.071
497910 0.537
497911 0.8
497912 1.111
497913 0.85
497914 0.656
497915 1.017
497916 1.063
497917 0.707
497918 0.669
497919 0.97
497920 0.92
497921 0.72
497922 0.829
497923 0.86
497924 -0.389
497925 -1.121
497926 1.51
497927 1.944
497928 0.205
497929 1.466
497930 1.082
497931 0.588
497932 0.724
497933 1.353
497934 0.816
497935 0.682
497936 1.06
497937 0.509
497938 0.248
497939 1.047
497940 -0.056
497941 -0.421
497942 1.223
497943 1.677
497944 1.284
497945 0.417
497946 -0.813
497947 0.023
497948 0.592
497949 0.509
497950 1.226
497951 1.36
497952 -0.08
497953 0.388
497954 0.506
497955 1.064
497956 0.995
497957 0.499
497958 0.87
497959 1.058
497960 0.425
497961 0.618
497962 0.884
497963 0.64
497964 0.654
497965 0.89
497966 0.695
497967 0.634
497968 0.886
497969 0.816
497970 -1.083
497971 -0.073
497972 0.468
497973 1.467
497974 1.097
497975 1.012
497976 0.602
497977 0.255
497978 0.178
497979 0.512
497980 0.584
497981 1.066
497982 1.499
497983 1.71
497984 1.169
497985 0.879
497986 -0.979
497987 0.715
497988 0.123
497989 0.63
497990 1.082
497991 0.69
497992 0.816
497993 1.062
497994 0.683
497995 0.703
497996 1.012
497997 0.946
497998 0.699
497999 0.794
498000 1.034
498001 0.793
498002 0.731
498003 0.877
498004 0.848
498005 0.835
498006 0.863
498007 0.955
498008 0.794
498009 0.755
498010 1.03
498011 0.8
498012 0.773
498013 3.513
498014 0.844
498015 0.389
498016 0.164
498017 0.418
498018 0.851
498019 0.558
498020 0.509
498021 0.424
498022 -0.024
498023 -0.633
498024 0.894
498025 1.097
498026 0.614
498027 0.771
498028 0.446
498029 1.041
498030 0.819
498031 0.294
498032 0.189
498033 1.936
498034 1.308
498035 -0.709
498036 0.73
498037 0.643
498038 0.157
498039 1.454
498040 1.414
498041 -0.104
498042 0.235
498043 0.963
498044 0.548
498045 0.588
498046 1.247
498047 0.879
498048 0.43
498049 0.686
498050 1.007
498051 0.786
498052 0.645
498053 0.703
498054 0.859
498055 0.863
498056 0.769
498057 0.787
498058 0.696
498059 0.759
498060 0.837
498061 0.926
498062 0.955
498063 0.86
498064 0.879
498065 0.993
498066 0.928
498067 0.858
498068 0.819
498069 0.83
498070 0.782
498071 0.79
498072 0.837
498073 0.846
498074 0.883
498075 0.87
498076 0.864
498077 0.866
498078 0.792
498079 0.835
498080 0.929
498081 0.776
498082 0.891
498083 0.864
498084 0.875
498085 0.982
498086 0.906
498087 0.892
498088 0.843
498089 0.88
498090 0.937
498091 0.783
498092 0.875
498093 0.928
498094 0.872
498095 0.91
498096 1.06
498097 0.933
498098 0.869
498099 0.92
498100 0.92
498101 0.851
498102 0.918
498103 0.931
498104 0.844
498105 1.039
498106 0.954
498107 0.649
498108 0.88
498109 0.987
498110 0.74
498111 0.734
498112 0.823
498113 0.814
498114 0.836
498115 0.866
498116 1.032
498117 0.892
498118 0.899
498119 0.952
498120 0.758
498121 0.797
498122 0.92
498123 0.844
498124 0.913
498125 0.935
498126 0.832
498127 0.97
498128 0.943
498129 0.926
498130 0.945
498131 0.991
498132 0.923
498133 0.864
498134 0.939
498135 0.813
498136 0.892
498137 0.861
498138 0.785
498139 0.841
498140 0.882
498141 0.825
498142 0.849
498143 0.884
498144 0.875
498145 0.972
498146 0.943
498147 0.912
498148 0.855
498149 0.737
498150 0.903
498151 1.049
498152 0.792
498153 0.797
498154 0.976
498155 0.752
498156 0.725
498157 0.847
498158 0.742
498159 0.87
498160 0.909
498161 0.864
498162 0.912
498163 0.936
498164 0.825
498165 0.835
498166 0.871
498167 0.882
498168 0.844
498169 0.922
498170 0.911
498171 0.933
498172 0.914
498173 0.932
498174 0.947
498175 0.915
498176 0.898
498177 0.891
498178 0.914
498179 0.968
498180 0.878
498181 0.761
498182 0.898
498183 0.623
498184 1.216
498185 1.422
498186 0.828
498187 0.918
498188 0.615
498189 0.537
498190 0.81
498191 0.852
498192 0.875
498193 0.926
498194 1.023
498195 0.897
498196 0.862
498197 0.847
498198 0.817
498199 0.764
498200 0.806
498201 0.877
498202 0.828
498203 0.858
498204 1.039
498205 0.959
498206 0.866
498207 0.863
498208 0.855
498209 0.953
498210 0.927
498211 0.803
498212 0.733
498213 0.874
498214 0.954
498215 0.785
498216 0.825
498217 0.919
498218 0.853
498219 1.086
498220 0.851
498221 0.682
498222 1.146
498223 1.048
498224 0.561
498225 0.63
498226 1.025
498227 0.883
498228 0.6
498229 0.917
498230 1.105
498231 0.876
498232 0.945
498233 1.054
498234 0.728
498235 0.683
498236 0.948
498237 0.812
498238 0.651
498239 1.081
498240 0.957
498241 0.6
498242 1.102
498243 0.929
498244 0.62
498245 1.115
498246 0.805
498247 0.717
498248 1.174
498249 0.839
498250 0.824
498251 1.135
498252 0.511
498253 0.948
498254 1.063
498255 0.527
498256 1.288
498257 0.849
498258 0.638
498259 1.209
498260 0.423
498261 1.154
498262 0.95
498263 0.463
498264 1.389
498265 0.62
498266 0.986
498267 0.887
498268 0.555
498269 1.407
498270 0.23
498271 1.316
498272 0.763
498273 0.616
498274 1.314
498275 0.279
498276 1.538
498277 0.296
498278 1.266
498279 0.584
498280 0.854
498281 1.184
498282 0.381
498283 1.431
498284 0.209
498285 1.705
498286 0.111
498287 1.417
498288 0.45
498289 1.199
498290 0.865
498291 0.798
498292 1.369
498293 0.42
498294 1.603
498295 -0.067
498296 1.763
498297 -0.057
498298 1.735
498299 -0.251
498300 1.913
498301 -0.232
498302 2.008
498303 -0.406
498304 1.99
498305 -0.248
498306 1.86
498307 -0.265
498308 1.931
498309 -0.003
498310 1.481
498311 0.39
498312 1.142
498313 0.936
498314 0.203
498315 1.878
498316 -0.617
498317 2.508
498318 -1.085
498319 2.825
498320 -1.002
498321 2.115
498322 0.515
498323 0.145
498324 2.371
498325 -1.214
498326 3.352
498327 -1.67
498328 2.557
498329 0.666
498330 -0.648
498331 3.668
498332 -3.093
498333 4.134
498334 -0.182
498335 0.42
498336 4.413
498337 -3.62
498338 3.364
498339 0.871
498340 -3.165
498341 6.4
498342 -2.671
498343 0.857
498344 5.151
498345 -5.284
498346 4.188
498347 2.752
498348 -5.652
498349 7.319
498350 0.171
498351 -5.405
498352 8.957
498353 -2.24
498354 -4.13
498355 10.063
498356 -3.881
498357 -3.381
498358 10.18
498359 -4.412
498360 -3.516
498361 10.206
498362 -3.547
498363 -4.775
498364 9.958
498365 -0.871
498366 -6.91
498367 8.494
498368 2.932
498369 -7.903
498370 6.133
498371 5.528
498372 -6.068
498373 0.159
498374 6.902
498375 -1.164
498376 -3.116
498377 5.095
498378 2.953
498379 -3.605
498380 0.225
498381 4.329
498382 0.423
498383 -2.66
498384 2.654
498385 3.999
498386 -0.893
498387 -1.618
498388 3.153
498389 3.213
498390 -0.877
498391 -0.628
498392 2.308
498393 2.661
498394 0.473
498395 -0.497
498396 1.051
498397 1.91
498398 1.209
498399 0.709
498400 0.42
498401 1.015
498402 1.627
498403 1.629
498404 0.977
498405 0.022
498406 0.635
498407 1.349
498408 1.715
498409 1.092
498410 0.099
498411 0.502
498412 1.405
498413 1.334
498414 1.399
498415 0.861
498416 -0.038
498417 0.562
498418 1.288
498419 1.58
498420 1.116
498421 0.675
498422 0.745
498423 0.398
498424 0.411
498425 1.372
498426 1.227
498427 1.034
498428 1.076
498429 0.628
498430 0.504
498431 0.63
498432 0.577
498433 1.001
498434 1.202
498435 0.93
498436 0.923
498437 1.116
498438 0.686
498439 0.881
498440 0.893
498441 0.506
498442 0.864
498443 0.901
498444 0.768
498445 0.87
498446 1.041
498447 0.848
498448 0.953
498449 0.843
498450 0.723
498451 0.952
498452 0.778
498453 0.502
498454 0.824
498455 0.891
498456 0.518
498457 0.641
498458 1.142
498459 0.8
498460 0.72
498461 0.979
498462 1.147
498463 0.792
498464 0.898
498465 1.601
498466 1.23
498467 0.788
498468 1.418
498469 1.538
498470 1.017
498471 0.963
498472 1.312
498473 1.104
498474 0.844
498475 0.89
498476 0.963
498477 0.904
498478 0.758
498479 1.281
498480 1.796
498481 -0.201
498482 0.039
498483 1.298
498484 1.308
498485 1.09
498486 0.127
498487 -0.235
498488 0.15
498489 1.067
498490 1.603
498491 0.604
498492 0.144
498493 0.245
498494 0.671
498495 0.934
498496 0.887
498497 1.455
498498 0.809
498499 -0.173
498500 0.324
498501 1.025
498502 0.787
498503 0.56
498504 0.685
498505 0.684
498506 1.059
498507 0.903
498508 0.698
498509 0.895
498510 0.775
498511 0.547
498512 0.961
498513 1.162
498514 0.824
498515 0.819
498516 0.987
498517 0.928
498518 0.684
498519 0.758
498520 0.946
498521 0.803
498522 0.747
498523 0.87
498524 1.038
498525 1.036
498526 0.896
498527 0.856
498528 0.859
498529 0.956
498530 0.62
498531 0.543
498532 1.241
498533 1.193
498534 0.458
498535 0.788
498536 1.303
498537 0.842
498538 0.571
498539 0.941
498540 1.066
498541 0.701
498542 1.492
498543 0.759
498544 0.63
498545 1.756
498546 2.149
498547 -0.446
498548 0.003
498549 1.197
498550 1.915
498551 0.316
498552 1.017
498553 1.004
498554 0.783
498555 1.04
498556 0.919
498557 1.75
498558 3.447
498559 2.424
498560 -0.572
498561 -0.808
498562 1.311
498563 2.018
498564 0.475
498565 -0.055
498566 1.506
498567 1.679
498568 -0.027
498569 -0.461
498570 1.341
498571 2.338
498572 0.977
498573 0.165
498574 1.223
498575 0.881
498576 0.96
498577 1.109
498578 2.514
498579 0.663
498580 0.102
498581 0.63
498582 0.965
498583 0.495
498584 1.205
498585 2.1
498586 0.614
498587 0.159
498588 0.79
498589 1.251
498590 0.99
498591 0.89
498592 1.31
498593 1.133
498594 0.738
498595 0.878
498596 1.1
498597 0.978
498598 0.559
498599 0.765
498600 0.95
498601 0.88
498602 0.986
498603 1.045
498604 0.572
498605 0.744
498606 2.072
498607 1.302
498608 -0.848
498609 0.804
498610 1.665
498611 0.196
498612 0.053
498613 1.343
498614 -0.614
498615 -0.973
498616 1.592
498617 0.773
498618 -0.205
498619 2.029
498620 1.807
498621 -1.005
498622 0.165
498623 2.542
498624 0.909
498625 -0.362
498626 1.274
498627 1.223
498628 0.004
498629 1.502
498630 1.511
498631 -0.44
498632 1.279
498633 2.455
498634 -0.068
498635 0.086
498636 2.051
498637 0.659
498638 -0.054
498639 0.979
498640 1.547
498641 1.218
498642 0.412
498643 0.042
498644 1.618
498645 1.691
498646 -0.082
498647 0.304
498648 1.565
498649 0.516
498650 0.881
498651 2.419
498652 0.452
498653 -0.723
498654 1.689
498655 1.401
498656 -0.001
498657 1.901
498658 1.979
498659 -0.925
498660 -0.093
498661 2.188
498662 0.6
498663 0.423
498664 1.019
498665 1.778
498666 2.194
498667 0.144
498668 -0.053
498669 0.878
498670 1.388
498671 1.142
498672 2.052
498673 0.268
498674 -0.35
498675 1.285
498676 0.079
498677 0.306
498678 1.238
498679 0.908
498680 0.898
498681 0.877
498682 0.441
498683 0.447
498684 1.106
498685 1.119
498686 0.73
498687 0.793
498688 1.252
498689 0.915
498690 0.603
498691 0.867
498692 0.98
498693 0.695
498694 2.059
498695 0.046
498696 0.905
498697 0.76
498698 0.383
498699 1.376
498700 1.129
498701 -0.067
498702 -0.093
498703 0.549
498704 -0.167
498705 1.001
498706 1.112
498707 1.046
498708 0.712
498709 0.506
498710 0.967
498711 0.799
498712 0.794
498713 0.906
498714 0.868
498715 0.983
498716 0.985
498717 0.59
498718 0.68
498719 1.171
498720 0.79
498721 0.653
498722 0.91
498723 1.104
498724 0.985
498725 0.861
498726 0.987
498727 0.994
498728 0.764
498729 0.936
498730 1.095
498731 0.809
498732 0.742
498733 1.092
498734 0.857
498735 0.49
498736 0.973
498737 1.162
498738 0.656
498739 0.649
498740 1.083
498741 0.895
498742 0.585
498743 0.97
498744 1.132
498745 -0.869
498746 0.945
498747 2.617
498748 0.527
498749 0.806
498750 0.567
498751 0.238
498752 0.61
498753 1.691
498754 1.227
498755 0.537
498756 0.047
498757 0.666
498758 0.474
498759 0.718
498760 0.76
498761 0.801
498762 0.921
498763 0.796
498764 0.618
498765 0.908
498766 1.148
498767 0.598
498768 0.664
498769 1.365
498770 0.779
498771 0.595
498772 0.867
498773 1.203
498774 0.548
498775 0.686
498776 1.47
498777 1.342
498778 1.075
498779 0.227
498780 -0.15
498781 1.155
498782 0.946
498783 0.546
498784 0.302
498785 0.347
498786 -0.422
498787 0.399
498788 1.302
498789 0.625
498790 1.084
498791 0.691
498792 0.583
498793 0.862
498794 0.923
498795 0.858
498796 0.965
498797 1.087
498798 0.756
498799 0.921
498800 0.799
498801 0.773
498802 1.102
498803 0.8
498804 0.951
498805 1.468
498806 1.105
498807 0.435
498808 0.983
498809 1.061
498810 0.888
498811 0.658
498812 0.729
498813 0.918
498814 1.019
498815 0.691
498816 0.895
498817 1.142
498818 0.788
498819 0.728
498820 0.808
498821 1.1
498822 0.871
498823 0.533
498824 1.456
498825 0.92
498826 1.143
498827 1.299
498828 0.769
498829 0.339
498830 0.834
498831 1.068
498832 0.823
498833 0.935
498834 1.39
498835 0.584
498836 0.729
498837 1.185
498838 0.818
498839 0.854
498840 0.621
498841 1.463
498842 1.12
498843 0.712
498844 0.653
498845 0.889
498846 1.169
498847 0.808
498848 0.749
498849 1.2
498850 1.145
498851 0.382
498852 0.641
498853 1.204
498854 1.245
498855 0.016
498856 0.758
498857 1.835
498858 0.636
498859 0.199
498860 1.446
498861 1.509
498862 -0.262
498863 0.89
498864 1.193
498865 0.507
498866 1.149
498867 1.155
498868 0.648
498869 0.597
498870 0.683
498871 0.843
498872 0.672
498873 0.902
498874 1.098
498875 0.714
498876 0.59
498877 1.207
498878 0.801
498879 0.598
498880 1.097
498881 0.535
498882 0.805
498883 1.16
498884 0.614
498885 0.768
498886 0.918
498887 1.023
498888 1.412
498889 0.78
498890 -0.08
498891 0.644
498892 1.141
498893 0.69
498894 0.403
498895 1.351
498896 0.807
498897 -0.591
498898 0.701
498899 1.225
498900 0.305
498901 0.558
498902 1.317
498903 0.732
498904 0.355
498905 0.922
498906 1.087
498907 0.815
498908 1.176
498909 0.479
498910 0.74
498911 1.379
498912 0.44
498913 0.727
498914 0.816
498915 0.944
498916 1.22
498917 0.669
498918 0.472
498919 1.024
498920 1.148
498921 0.684
498922 0.551
498923 0.893
498924 1.048
498925 0.881
498926 0.386
498927 1.11
498928 1.347
498929 1.117
498930 0.622
498931 0.738
498932 1.113
498933 0.861
498934 0.146
498935 0.803
498936 1.057
498937 0.696
498938 0.944
498939 0.556
498940 0.49
498941 1.271
498942 1.198
498943 0.435
498944 0.438
498945 1.196
498946 1.151
498947 0.797
498948 0.503
498949 0.745
498950 1.378
498951 0.951
498952 0.623
498953 0.829
498954 0.782
498955 1.024
498956 1.01
498957 0.849
498958 0.63
498959 0.58
498960 1.053
498961 0.877
498962 0.739
498963 1.361
498964 0.734
498965 0.383
498966 1.12
498967 1.047
498968 0.683
498969 1.214
498970 0.665
498971 0.584
498972 1.107
498973 1.031
498974 0.9
498975 0.728
498976 0.647
498977 1.01
498978 0.523
498979 0.557
498980 1.767
498981 0.822
498982 0.181
498983 0.863
498984 0.922
498985 0.414
498986 0.815
498987 1.208
498988 0.942
498989 0.815
498990 0.616
498991 0.322
498992 1.199
498993 0.766
498994 0.676
498995 1.266
498996 1.209
498997 0.896
498998 0.564
498999 0.827
499000 0.284
499001 0.226
499002 1.233
499003 1.23
499004 0.884
499005 1.048
499006 0.832
499007 0.828
499008 1.095
499009 0.574
499010 0.361
499011 0.94
499012 0.909
499013 1.17
499014 1.152
499015 0.713
499016 1.662
499017 0.17
499018 -0.316
499019 0.832
499020 0.986
499021 0.727
499022 0.734
499023 0.96
499024 0.411
499025 0.574
499026 0.996
499027 0.604
499028 0.698
499029 0.472
499030 0.565
499031 0.582
499032 0.76
499033 0.84
499034 1.05
499035 0.93
499036 0.708
499037 0.672
499038 0.496
499039 1.299
499040 0.733
499041 0.263
499042 1.492
499043 1.156
499044 0.264
499045 1.252
499046 0.931
499047 -0.235
499048 1.082
499049 1.783
499050 0.345
499051 0.616
499052 1.214
499053 0.31
499054 0.646
499055 1.499
499056 0.667
499057 0.632
499058 0.949
499059 0.809
499060 0.742
499061 0.707
499062 1.123
499063 1.017
499064 0.846
499065 1.207
499066 0.891
499067 0.591
499068 1.124
499069 0.819
499070 0.58
499071 0.992
499072 0.777
499073 0.509
499074 0.953
499075 0.93
499076 0.81
499077 1.182
499078 1.112
499079 0.755
499080 0.778
499081 0.903
499082 1.095
499083 1.105
499084 0.799
499085 0.761
499086 1.105
499087 0.637
499088 0.826
499089 1.078
499090 0.779
499091 0.863
499092 1.121
499093 0.747
499094 0.707
499095 1.031
499096 1.235
499097 0.971
499098 0.82
499099 0.751
499100 0.923
499101 0.86
499102 0.601
499103 0.852
499104 1.084
499105 1.027
499106 0.868
499107 0.832
499108 0.786
499109 1.16
499110 0.681
499111 1.912
499112 1.045
499113 0.357
499114 1.082
499115 1.082
499116 0.533
499117 0.977
499118 1.171
499119 1.124
499120 0.749
499121 0.414
499122 0.594
499123 0.905
499124 0.749
499125 0.595
499126 1.141
499127 1.108
499128 0.75
499129 0.362
499130 1.001
499131 0.882
499132 0.579
499133 0.686
499134 1.178
499135 0.622
499136 0.728
499137 0.96
499138 0.579
499139 0.758
499140 0.988
499141 0.701
499142 0.813
499143 1.084
499144 0.704
499145 0.721
499146 1.347
499147 0.795
499148 0.666
499149 1.438
499150 0.631
499151 0.465
499152 1.374
499153 0.829
499154 0.508
499155 1.247
499156 0.99
499157 0.675
499158 0.978
499159 1.124
499160 0.676
499161 0.734
499162 1.109
499163 0.852
499164 0.469
499165 1.168
499166 1.049
499167 0.438
499168 0.764
499169 1.037
499170 0.669
499171 0.781
499172 1.093
499173 0.838
499174 0.797
499175 0.93
499176 0.718
499177 0.605
499178 1.108
499179 1.234
499180 1.301
499181 1.118
499182 0.71
499183 0.853
499184 0.727
499185 0.384
499186 0.985
499187 0.536
499188 0.331
499189 1.026
499190 0.785
499191 0.69
499192 0.726
499193 0.719
499194 1.158
499195 0.932
499196 0.586
499197 0.892
499198 0.696
499199 0.442
499200 0.63
499201 0.793
499202 0.786
499203 0.57
499204 0.834
499205 1.322
499206 0.899
499207 0.599
499208 1.073
499209 1.102
499210 0.446
499211 0.814
499212 1.233
499213 0.693
499214 3.398
499215 2.857
499216 0.941
499217 -0.283
499218 0.238
499219 0.653
499220 1.132
499221 0.621
499222 0.398
499223 0.543
499224 -0.117
499225 0.389
499226 0.822
499227 1.94
499228 0.067
499229 -1.652
499230 -0.37
499231 0.935
499232 1.169
499233 0.751
499234 1.128
499235 0.708
499236 0.724
499237 1.222
499238 0.903
499239 0.827
499240 0.857
499241 1.043
499242 0.881
499243 0.814
499244 1.342
499245 0.796
499246 0.997
499247 0.839
499248 0.998
499249 2.278
499250 0.157
499251 1.186
499252 0.799
499253 0.881
499254 0.768
499255 1.349
499256 0.406
499257 1.153
499258 0.685
499259 0.82
499260 0.497
499261 1.462
499262 0.371
499263 0.534
499264 1.124
499265 0.996
499266 0.176
499267 1.292
499268 1.421
499269 0.154
499270 0.685
499271 1.689
499272 0.726
499273 0.199
499274 1.277
499275 1.42
499276 0.123
499277 0.735
499278 1.031
499279 -0.382
499280 0.513
499281 2.0
499282 0.667
499283 1.424
499284 0.537
499285 0.492
499286 1.724
499287 0.064
499288 1.378
499289 0.907
499290 0.271
499291 1.744
499292 0.161
499293 1.202
499294 1.137
499295 0.105
499296 2.058
499297 0.279
499298 0.337
499299 2.567
499300 -0.123
499301 1.051
499302 2.261
499303 -0.847
499304 1.783
499305 2.033
499306 -0.937
499307 1.905
499308 1.446
499309 -1.299
499310 2.613
499311 1.272
499312 -1.712
499313 2.587
499314 1.791
499315 -2.601
499316 2.351
499317 3.188
499318 -3.188
499319 1.177
499320 4.624
499321 -2.209
499322 -1.364
499323 6.957
499324 -0.261
499325 -2.214
499326 2.999
499327 1.731
499328 -2.616
499329 2.336
499330 3.926
499331 -2.84
499332 -0.723
499333 5.723
499334 -0.573
499335 -4.299
499336 4.364
499337 4.509
499338 -4.659
499339 -1.794
499340 6.176
499341 2.195
499342 -4.941
499343 -0.421
499344 5.525
499345 1.956
499346 -3.956
499347 -1.562
499348 2.236
499349 0.66
499350 1.989
499351 4.202
499352 0.947
499353 0.126
499354 0.954
499355 0.696
499356 -1.588
499357 -0.263
499358 0.969
499359 2.173
499360 2.014
499361 1.471
499362 0.789
499363 0.551
499364 0.623
499365 0.194
499366 1.165
499367 1.274
499368 1.545
499369 0.853
499370 1.367
499371 1.145
499372 0.843
499373 0.641
499374 0.282
499375 1.226
499376 0.872
499377 0.814
499378 0.548
499379 1.286
499380 1.711
499381 0.1
499382 1.977
499383 1.114
499384 0.512
499385 0.998
499386 1.474
499387 0.87
499388 1.062
499389 1.159
499390 0.908
499391 0.535
499392 1.12
499393 0.969
499394 0.684
499395 0.713
499396 1.378
499397 1.403
499398 1.461
499399 0.856
499400 1.289
499401 1.416
499402 0.763
499403 0.989
499404 1.402
499405 0.936
499406 0.715
499407 1.094
499408 0.88
499409 0.405
499410 0.647
499411 1.039
499412 0.479
499413 0.271
499414 0.907
499415 1.133
499416 0.845
499417 0.572
499418 1.0
499419 1.409
499420 1.083
499421 0.385
499422 0.736
499423 0.954
499424 0.782
499425 0.531
499426 0.909
499427 1.102
499428 0.954
499429 0.671
499430 0.811
499431 0.965
499432 0.781
499433 0.786
499434 0.862
499435 0.942
499436 0.967
499437 0.944
499438 0.912
499439 0.469
499440 0.59
499441 0.512
499442 1.215
499443 1.123
499444 1.005
499445 1.028
499446 0.609
499447 0.708
499448 0.691
499449 0.525
499450 0.791
499451 0.92
499452 0.837
499453 1.151
499454 0.967
499455 1.002
499456 1.016
499457 1.073
499458 0.753
499459 0.984
499460 0.655
499461 0.892
499462 0.88
499463 1.442
499464 0.781
499465 0.846
499466 1.068
499467 1.181
499468 0.996
499469 0.712
499470 0.542
499471 0.571
499472 0.992
499473 0.932
499474 0.791
499475 0.91
499476 1.171
499477 1.041
499478 0.998
499479 0.606
499480 0.508
499481 0.889
499482 0.818
499483 0.547
499484 0.787
499485 0.586
499486 1.143
499487 0.642
499488 0.577
499489 0.724
499490 0.766
499491 0.668
499492 0.862
499493 0.992
499494 0.557
499495 1.025
499496 0.899
499497 0.998
499498 1.07
499499 0.833
499500 0.593
499501 1.089
499502 1.007
499503 0.598
499504 0.806
499505 1.05
499506 1.061
499507 1.097
499508 0.674
499509 1.081
499510 1.027
499511 0.46
499512 0.676
499513 1.063
499514 0.675
499515 0.613
499516 0.688
499517 0.471
499518 0.832
499519 0.888
499520 0.803
499521 0.901
499522 0.458
499523 0.621
499524 0.839
499525 0.842
499526 0.636
499527 0.911
499528 1.063
499529 0.55
499530 0.387
499531 0.946
499532 0.883
499533 0.89
499534 0.752
499535 1.052
499536 0.682
499537 0.485
499538 1.023
499539 0.67
499540 0.438
499541 1.14
499542 0.832
499543 0.588
499544 1.141
499545 0.596
499546 0.345
499547 1.294
499548 0.48
499549 1.108
499550 1.008
499551 0.512
499552 1.289
499553 0.444
499554 1.132
499555 1.362
499556 0.664
499557 1.43
499558 0.219
499559 0.937
499560 0.282
499561 0.818
499562 0.606
499563 0.348
499564 1.137
499565 0.384
499566 1.598
499567 0.202
499568 1.26
499569 0.222
499570 1.263
499571 0.023
499572 1.563
499573 0.143
499574 1.539
499575 -0.423
499576 1.662
499577 -0.341
499578 2.094
499579 -0.332
499580 2.235
499581 -0.3
499582 1.808
499583 0.153
499584 1.342
499585 0.857
499586 0.346
499587 2.136
499588 -0.845
499589 2.843
499590 -0.924
499591 2.453
499592 0.251
499593 0.147
499594 2.748
499595 -1.787
499596 3.372
499597 0.169
499598 -0.592
499599 3.891
499600 -2.433
499601 2.189
499602 2.272
499603 -2.627
499604 3.336
499605 1.258
499606 -2.674
499607 3.922
499608 1.961
499609 -3.576
499610 2.717
499611 3.478
499612 -3.586
499613 0.142
499614 6.082
499615 -1.369
499616 -4.473
499617 4.826
499618 4.954
499619 -4.646
499620 -2.608
499621 6.446
499622 2.608
499623 -5.034
499624 -0.532
499625 4.991
499626 2.545
499627 -2.65
499628 -0.994
499629 2.658
499630 3.236
499631 0.161
499632 -1.238
499633 0.682
499634 2.575
499635 2.272
499636 0.453
499637 -0.308
499638 0.535
499639 1.952
499640 1.452
499641 1.36
499642 1.091
499643 0.541
499644 0.675
499645 1.066
499646 1.254
499647 1.042
499648 1.232
499649 1.331
499650 0.74
499651 1.192
499652 0.935
499653 0.189
499654 0.599
499655 -0.003
499656 0.407
499657 0.918
499658 0.709
499659 1.185
499660 1.128
499661 1.025
499662 1.179
499663 1.171
499664 1.018
499665 0.866
499666 0.491
499667 0.25
499668 0.453
499669 0.401
499670 0.586
499671 -0.078
499672 0.521
499673 0.563
499674 0.134
499675 0.362
499676 1.059
499677 0.826
499678 0.527
499679 1.073
499680 0.688
499681 0.758
499682 0.736
499683 0.941
499684 0.622
499685 0.781
499686 1.306
499687 0.712
499688 1.078
499689 0.753
499690 0.647
499691 0.736
499692 0.684
499693 0.84
499694 0.968
499695 1.322
499696 0.936
499697 1.0
499698 0.323
499699 0.705
499700 0.764
499701 0.316
499702 2.026
499703 0.539
499704 0.58
499705 1.333
499706 0.595
499707 0.875
499708 0.816
499709 0.612
499710 0.994
499711 0.72
499712 0.659
499713 0.926
499714 0.906
499715 0.896
499716 1.014
499717 0.883
499718 -0.072
499719 0.976
499720 1.235
499721 0.756
499722 0.626
499723 0.419
499724 1.26
499725 0.857
499726 0.343
499727 1.117
499728 0.548
499729 0.819
499730 1.051
499731 0.933
499732 0.199
499733 0.632
499734 0.845
499735 0.81
499736 0.656
499737 0.627
499738 0.962
499739 0.718
499740 0.967
499741 0.61
499742 0.74
499743 0.513
499744 1.503
499745 0.509
499746 0.29
499747 0.894
499748 1.032
499749 0.741
499750 0.452
499751 0.992
499752 1.034
499753 0.691
499754 0.778
499755 0.641
499756 1.026
499757 1.047
499758 0.355
499759 1.02
499760 1.065
499761 0.745
499762 0.85
499763 0.583
499764 0.973
499765 1.172
499766 1.202
499767 0.555
499768 0.856
499769 0.438
499770 1.053
499771 1.411
499772 0.504
499773 0.994
499774 1.137
499775 0.967
499776 0.941
499777 0.668
499778 0.873
499779 1.213
499780 0.916
499781 0.799
499782 0.628
499783 0.817
499784 0.817
499785 1.229
499786 0.82
499787 1.468
499788 0.662
499789 0.925
499790 0.502
499791 0.914
499792 0.686
499793 0.905
499794 1.382
499795 0.561
499796 0.797
499797 1.14
499798 0.981
499799 1.049
499800 0.997
499801 0.824
499802 0.655
499803 0.698
499804 0.742
499805 0.489
499806 0.692
499807 0.631
499808 0.875
499809 0.314
499810 0.712
499811 0.612
499812 1.016
499813 0.957
499814 0.61
499815 0.61
499816 0.406
499817 0.838
499818 1.087
499819 1.035
499820 1.094
499821 1.305
499822 0.66
499823 0.827
499824 0.536
499825 0.59
499826 1.045
499827 1.238
499828 1.044
499829 0.519
499830 0.779
499831 0.493
499832 0.801
499833 1.324
499834 1.577
499835 0.715
499836 0.913
499837 1.1
499838 0.47
499839 0.638
499840 0.77
499841 0.77
499842 0.944
499843 0.613
499844 0.856
499845 0.951
499846 1.137
499847 0.845
499848 0.997
499849 0.724
499850 0.847
499851 0.926
499852 0.539
499853 0.935
499854 0.705
499855 0.516
499856 1.039
499857 0.667
499858 0.826
499859 0.544
499860 0.48
499861 0.697
499862 0.956
499863 0.529
499864 0.811
499865 0.966
499866 0.628
499867 0.929
499868 0.796
499869 0.618
499870 0.726
499871 0.805
499872 0.285
499873 0.945
499874 0.943
499875 0.836
499876 0.78
499877 0.753
499878 0.991
499879 0.907
499880 0.812
499881 1.063
499882 0.793
499883 0.644
499884 0.852
499885 0.829
499886 1.117
499887 0.979
499888 1.154
499889 0.928
499890 0.759
499891 0.887
499892 0.894
499893 0.996
499894 0.724
499895 1.065
499896 1.029
499897 1.002
499898 0.861
499899 0.843
499900 0.818
499901 1.01
499902 0.839
499903 0.912
499904 1.055
499905 0.92
499906 0.444
499907 0.718
499908 0.851
499909 0.688
499910 0.472
499911 0.899
499912 1.015
499913 0.977
499914 0.918
499915 0.785
499916 1.097
499917 0.395
499918 1.151
499919 0.412
499920 0.444
499921 0.704
499922 0.634
499923 0.939
499924 0.429
499925 0.929
499926 0.763
499927 1.145
499928 0.788
499929 0.825
499930 0.951
499931 0.997
499932 0.797
499933 0.597
499934 1.15
499935 0.536
499936 0.771
499937 1.036
499938 0.398
499939 0.818
499940 0.846
499941 0.888
499942 0.881
499943 1.268
499944 0.596
499945 0.608
499946 0.847
499947 0.902
499948 0.921
499949 1.038
499950 1.019
499951 0.828
499952 0.82
499953 0.964
499954 0.66
499955 0.904
499956 0.764
499957 0.621
499958 0.764
499959 0.522
499960 0.805
499961 0.859
499962 0.656
499963 0.532
499964 0.599
499965 0.68
499966 0.784
499967 0.636
499968 0.376
499969 0.613
499970 0.969
499971 0.745
499972 1.022
499973 0.624
499974 0.787
499975 0.927
499976 0.839
499977 0.421
499978 0.827
499979 0.898
499980 0.907
499981 0.997
499982 0.874
499983 0.87
499984 1.275
499985 0.925
499986 0.726
499987 0.881
499988 0.694
499989 0.91
499990 1.101
499991 1.062
499992 0.707
499993 1.061
499994 0.617
499995 0.886
499996 1.093
499997 0.434
499998 0.513
499999 0.823
500000 0.454
500001 0.667
500002 0.877
500003 0.855
500004 0.621
500005 0.928
500006 1.014
500007 0.427
500008 1.117
500009 0.626
500010 0.749
500011 0.735
500012 0.725
500013 0.409
500014 0.693
500015 0.755
500016 0.837
500017 0.612
500018 0.95
500019 0.848
500020 1.058
500021 0.586
500022 0.873
500023 1.1
500024 0.756
500025 0.937
500026 1.085
500027 0.647
500028 1.026
500029 0.591
500030 0.864
500031 0.927
500032 0.426
500033 1.047
500034 0.832
500035 0.967
500036 1.435
500037 0.778
500038 1.016
500039 1.009
500040 1.217
500041 0.833
500042 1.01
500043 0.832
500044 0.969
500045 0.913
500046 0.989
500047 0.628
500048 1.072
500049 0.698
500050 0.614
500051 0.994
500052 1.14
500053 0.903
500054 1.067
500055 0.665
500056 0.862
500057 0.484
500058 0.881
500059 0.725
500060 0.728
500061 0.735
500062 0.567
500063 0.878
500064 0.631
500065 0.804
500066 0.459
500067 0.726
500068 0.82
500069 0.769
500070 0.984
500071 1.14
500072 1.043
500073 0.413
500074 0.882
500075 0.716
500076 1.104
500077 1.141
500078 0.528
500079 0.802
500080 0.447
500081 0.471
500082 1.004
500083 1.165
500084 0.873
500085 0.794
500086 0.753
500087 1.051
500088 0.829
500089 0.961
500090 1.486
500091 0.93
500092 0.944
500093 0.493
500094 0.466
500095 1.156
500096 0.685
500097 0.773
500098 0.827
500099 1.147
500100 1.155
500101 0.595
500102 0.885
500103 0.946
500104 1.036
500105 0.49
500106 0.764
500107 0.888
500108 0.421
500109 0.989
500110 0.711
500111 1.147
500112 0.805
500113 0.562
500114 0.595
500115 0.628
500116 0.446
500117 0.656
500118 0.538
500119 0.79
500120 0.864
500121 0.592
500122 0.325
500123 0.718
500124 0.801
500125 0.559
500126 0.491
500127 0.829
500128 0.56
500129 0.259
500130 1.124
500131 0.958
500132 0.958
500133 0.162
500134 0.9
500135 1.319
500136 0.348
500137 0.89
500138 0.778
500139 0.898
500140 0.355
500141 0.967
500142 0.576
500143 0.968
500144 0.776
500145 0.805
500146 0.879
500147 0.778
500148 1.057
500149 0.788
500150 0.603
500151 0.597
500152 0.63
500153 0.899
500154 0.749
500155 0.768
500156 0.762
500157 0.55
500158 1.081
500159 0.887
500160 1.049
500161 0.79
500162 0.625
500163 0.702
500164 1.084
500165 0.905
500166 0.777
500167 0.86
500168 0.591
500169 0.969
500170 0.945
500171 0.844
500172 1.268
500173 0.665
500174 0.9
500175 0.698
500176 0.884
500177 1.198
500178 0.423
500179 0.467
500180 1.042
500181 0.636
500182 0.488
500183 0.997
500184 0.997
500185 0.467
500186 0.798
500187 1.02
500188 0.513
500189 0.795
500190 0.405
500191 0.408
500192 0.621
500193 0.626
500194 0.722
500195 0.689
500196 0.26
500197 1.142
500198 0.184
500199 0.74
500200 0.196
500201 0.751
500202 0.505
500203 0.822
500204 1.031
500205 0.51
500206 0.73
500207 0.667
500208 0.969
500209 0.349
500210 0.75
500211 0.842
500212 0.726
500213 0.957
500214 0.981
500215 1.184
500216 0.757
500217 0.996
500218 0.713
500219 1.251
500220 0.656
500221 0.959
500222 0.767
500223 0.99
500224 0.761
500225 0.356
500226 0.734
500227 0.767
500228 0.825
500229 1.146
500230 1.49
500231 0.878
500232 0.617
500233 1.048
500234 1.279
500235 0.551
500236 0.64
500237 0.714
500238 0.879
500239 0.755
500240 0.826
500241 0.494
500242 0.924
500243 0.994
500244 0.666
500245 0.55
500246 0.793
500247 0.655
500248 0.56
500249 0.857
500250 0.631
500251 0.694
500252 0.824
500253 0.686
500254 0.685
500255 1.345
500256 0.87
500257 0.831
500258 0.83
500259 1.111
500260 0.524
500261 0.737
500262 0.878
500263 0.521
500264 0.709
500265 1.101
500266 0.667
500267 0.954
500268 1.378
500269 0.838
500270 0.221
500271 0.951
500272 0.62
500273 0.887
500274 0.981
500275 0.733
500276 0.797
500277 0.843
500278 0.746
500279 0.785
500280 0.632
500281 0.6
500282 1.009
500283 0.506
500284 0.976
500285 0.8
500286 0.684
500287 1.076
500288 0.555
500289 0.985
500290 0.832
500291 1.032
500292 0.619
500293 1.232
500294 0.761
500295 0.522
500296 0.845
500297 0.69
500298 0.785
500299 1.155
500300 1.09
500301 1.085
500302 0.912
500303 0.85
500304 0.975
500305 1.089
500306 0.885
500307 0.732
500308 0.782
500309 1.273
500310 1.234
500311 0.699
500312 1.171
500313 0.828
500314 0.861
500315 1.485
500316 0.953
500317 1.11
500318 0.91
500319 0.777
500320 0.553
500321 0.829
500322 1.211
500323 0.686
500324 0.652
500325 0.52
500326 0.88
500327 0.389
500328 0.937
500329 0.902
500330 0.637
500331 1.193
500332 0.949
500333 0.984
500334 0.611
500335 1.031
500336 0.74
500337 0.719
500338 0.899
500339 0.93
500340 1.179
500341 0.807
500342 0.924
500343 0.487
500344 0.945
500345 0.953
500346 0.9
500347 0.833
500348 1.277
500349 1.111
500350 0.861
500351 0.63
500352 0.736
500353 0.503
500354 0.61
500355 0.862
500356 0.934
500357 0.849
500358 1.037
500359 0.919
500360 0.806
500361 1.189
500362 0.76
500363 0.525
500364 0.389
500365 0.626
500366 0.808
500367 -0.053
500368 -0.887
500369 -0.596
500370 -0.337
500371 0.083
500372 1.291
500373 2.169
500374 2.274
500375 0.519
500376 0.157
500377 1.05
500378 0.884
500379 0.15
500380 0.747
500381 0.431
500382 0.433
500383 0.73
500384 1.274
500385 0.948
500386 0.74
500387 0.931
500388 0.81
500389 0.482
500390 0.927
500391 0.535
500392 0.724
500393 0.825
500394 0.698
500395 0.619
500396 0.583
500397 0.307
500398 0.691
500399 0.072
500400 -1.179
500401 -0.915
500402 -0.807
500403 -0.618
500404 0.587
500405 1.507
500406 1.875
500407 1.351
500408 0.757
500409 0.854
500410 1.207
500411 0.837
500412 0.756
500413 0.839
500414 0.819
500415 0.594
500416 0.574
500417 0.635
500418 0.841
500419 0.659
500420 0.611
500421 1.049
500422 1.171
500423 1.029
500424 0.996
500425 0.822
500426 0.429
500427 0.896
500428 0.739
500429 0.659
500430 0.757
500431 0.937
500432 0.893
500433 1.249
500434 0.402
500435 1.154
500436 0.442
500437 1.447
500438 0.815
500439 0.903
500440 0.883
500441 0.53
500442 0.624
500443 1.099
500444 1.102
500445 0.593
500446 0.692
500447 1.052
500448 0.964
500449 1.048
500450 1.045
500451 1.33
500452 1.16
500453 0.917
500454 1.103
500455 0.78
500456 0.792
500457 1.061
500458 0.628
500459 0.751
500460 0.948
500461 1.097
500462 1.078
500463 1.312
500464 1.166
500465 0.883
500466 0.86
500467 0.813
500468 0.892
500469 0.252
500470 -0.611
500471 -0.354
500472 -0.321
500473 0.094
500474 0.309
500475 1.159
500476 1.468
500477 1.198
500478 1.091
500479 1.168
500480 0.528
500481 0.811
500482 0.755
500483 0.941
500484 1.122
500485 0.961
500486 0.611
500487 0.663
500488 0.427
500489 0.987
500490 1.127
500491 0.9
500492 0.205
500493 1.4
500494 1.058
500495 0.876
500496 1.235
500497 0.548
500498 -0.432
500499 -0.81
500500 -0.407
500501 -0.272
500502 1.09
500503 1.47
500504 1.104
500505 0.596
500506 0.911
500507 0.832
500508 1.11
500509 0.779
500510 0.767
500511 0.389
500512 0.67
500513 0.604
500514 1.022
500515 0.728
500516 1.199
500517 0.838
500518 0.673
500519 1.051
500520 0.38
500521 0.319
500522 0.891
500523 0.957
500524 0.918
500525 1.103
500526 0.495
500527 0.389
500528 0.229
500529 0.335
500530 0.956
500531 1.062
500532 0.997
500533 0.618
500534 0.761
500535 0.397
500536 0.569
500537 1.017
500538 0.723
500539 0.885
500540 -0.03
500541 0.733
500542 0.737
500543 0.723
500544 1.057
500545 0.65
500546 0.383
500547 0.567
500548 0.504
500549 0.861
500550 0.295
500551 0.747
500552 1.146
500553 0.689
500554 0.29
500555 0.716
500556 0.585
500557 0.548
500558 0.735
500559 0.798
500560 0.936
500561 1.472
500562 0.531
500563 0.47
500564 0.634
500565 1.111
500566 1.32
500567 1.096
500568 0.89
500569 1.057
500570 0.792
500571 0.764
500572 0.892
500573 0.712
500574 0.86
500575 0.949
500576 0.834
500577 0.951
500578 0.824
500579 0.576
500580 0.536
500581 0.663
500582 0.438
500583 0.967
500584 0.86
500585 0.955
500586 0.694
500587 -0.984
500588 -1.601
500589 -0.319
500590 -0.752
500591 -0.42
500592 1.558
500593 2.072
500594 0.769
500595 0.942
500596 0.791
500597 1.073
500598 1.006
500599 0.54
500600 0.585
500601 0.921
500602 0.44
500603 0.767
500604 0.742
500605 0.629
500606 0.651
500607 0.656
500608 0.865
500609 0.926
500610 1.075
500611 0.897
500612 0.833
500613 0.288
500614 0.572
500615 0.206
500616 0.357
500617 1.171
500618 -0.489
500619 -0.678
500620 0.045
500621 -0.756
500622 -0.653
500623 0.2
500624 1.283
500625 1.99
500626 1.431
500627 1.367
500628 0.973
500629 1.045
500630 1.205
500631 0.75
500632 0.592
500633 1.05
500634 0.896
500635 0.787
500636 0.585
500637 0.41
500638 0.653
500639 0.843
500640 1.057
500641 0.875
500642 0.648
500643 1.039
500644 1.367
500645 0.953
500646 0.489
500647 0.784
500648 0.754
500649 1.453
500650 1.048
500651 1.042
500652 0.986
500653 0.603
500654 0.861
500655 1.16
500656 1.012
500657 0.766
500658 0.95
500659 0.847
500660 0.95
500661 0.965
500662 1.146
500663 1.044
500664 1.151
500665 1.342
500666 1.072
500667 1.114
500668 0.867
500669 0.96
500670 0.741
500671 0.59
500672 0.362
500673 0.697
500674 0.895
500675 0.648
500676 1.255
500677 1.11
500678 0.843
500679 0.82
500680 0.413
500681 0.573
500682 1.019
500683 0.79
500684 0.433
500685 0.979
500686 0.385
500687 0.661
500688 0.998
500689 0.861
500690 1.182
500691 0.899
500692 1.19
500693 0.95
500694 0.67
500695 1.134
500696 0.737
500697 0.832
500698 1.027
500699 1.136
500700 0.943
500701 1.092
500702 1.337
500703 1.05
500704 1.239
500705 0.713
500706 0.799
500707 0.501
500708 0.816
500709 1.175
500710 1.063
500711 0.771
500712 0.74
500713 0.837
500714 1.043
500715 0.737
500716 0.888
500717 0.886
500718 1.085
500719 1.109
500720 0.92
500721 0.697
500722 0.723
500723 0.755
500724 0.839
500725 0.854
500726 0.888
500727 0.982
500728 0.716
500729 0.753
500730 0.659
500731 0.901
500732 0.627
500733 0.617
500734 0.793
500735 0.8
500736 0.896
500737 1.138
500738 0.666
500739 0.469
500740 0.685
500741 0.648
500742 1.016
500743 0.832
500744 0.943
500745 0.819
500746 0.892
500747 1.086
500748 0.904
500749 0.793
500750 0.972
500751 0.921
500752 0.533
500753 0.915
500754 0.809
500755 1.124
500756 1.076
500757 1.057
500758 0.733
500759 0.954
500760 0.931
500761 1.048
500762 0.752
500763 1.097
500764 0.892
500765 0.814
500766 0.767
500767 0.566
500768 0.997
500769 0.684
500770 0.942
500771 1.014
500772 0.778
500773 0.804
500774 1.221
500775 0.773
500776 0.677
500777 0.879
500778 1.077
500779 0.445
500780 0.741
500781 1.066
500782 0.969
500783 0.84
500784 0.789
500785 0.873
500786 0.967
500787 0.99
500788 0.864
500789 1.163
500790 1.025
500791 0.719
500792 1.05
500793 1.117
500794 0.886
500795 0.717
500796 0.837
500797 1.175
500798 0.968
500799 0.944
500800 1.296
500801 0.963
500802 0.771
500803 0.941
500804 0.941
500805 0.712
500806 0.884
500807 0.947
500808 0.909
500809 0.669
500810 0.619
500811 1.078
500812 1.143
500813 0.753
500814 1.169
500815 0.528
500816 0.741
500817 0.749
500818 0.809
500819 0.881
500820 0.82
500821 0.894
500822 0.344
500823 0.7
500824 0.775
500825 0.626
500826 0.647
500827 0.764
500828 0.692
500829 0.425
500830 0.328
500831 0.897
500832 0.53
500833 0.613
500834 0.577
500835 0.517
500836 0.592
500837 1.231
500838 0.531
500839 1.014
500840 1.085
500841 0.905
500842 0.924
500843 0.638
500844 0.688
500845 0.53
500846 0.577
500847 0.962
500848 0.961
500849 0.998
500850 0.918
500851 1.04
500852 1.079
500853 1.016
500854 0.751
500855 0.663
500856 0.746
500857 0.744
500858 0.745
500859 1.104
500860 0.997
500861 1.164
500862 0.902
500863 0.834
500864 0.778
500865 0.93
500866 1.164
500867 0.914
500868 1.176
500869 0.845
500870 0.588
500871 0.932
500872 0.869
500873 0.947
500874 0.739
500875 0.768
500876 0.833
500877 1.017
500878 0.632
500879 0.665
500880 0.781
500881 0.806
500882 0.918
500883 1.06
500884 1.214
500885 0.804
500886 1.078
500887 1.049
500888 0.972
500889 0.797
500890 0.852
500891 0.919
500892 0.9
500893 0.73
500894 0.825
500895 1.17
500896 1.037
500897 1.169
500898 1.404
500899 0.873
500900 1.03
500901 0.795
500902 0.966
500903 1.139
500904 1.042
500905 1.09
500906 0.825
500907 0.762
500908 0.705
500909 1.049
500910 0.681
500911 0.961
500912 0.904
500913 1.034
500914 1.095
500915 0.937
500916 0.784
500917 0.764
500918 0.843
500919 0.807
500920 0.925
500921 0.999
500922 0.903
500923 0.768
500924 0.878
500925 0.856
500926 0.869
500927 0.939
500928 0.944
500929 1.003
500930 0.769
500931 1.085
500932 1.082
500933 1.183
500934 1.034
500935 0.848
500936 0.739
500937 0.883
500938 1.144
500939 1.139
500940 1.292
500941 1.153
500942 1.065
500943 0.915
500944 1.059
500945 0.995
500946 0.947
500947 0.86
500948 0.866
500949 0.956
500950 0.983
500951 1.023
500952 1.115
500953 0.955
500954 0.849
500955 0.816
500956 1.093
500957 0.874
500958 1.081
500959 0.848
500960 1.175
500961 0.949
500962 1.14
500963 0.649
500964 0.828
500965 1.075
500966 1.253
500967 1.144
500968 1.145
500969 0.656
500970 1.071
500971 0.832
500972 0.883
500973 1.022
500974 0.887
500975 1.251
500976 0.764
500977 1.259
500978 0.695
500979 0.954
500980 0.727
500981 0.876
500982 1.182
500983 0.928
500984 1.242
500985 1.311
500986 0.795
500987 0.694
500988 0.939
500989 0.749
500990 0.988
500991 1.295
500992 1.163
500993 0.471
500994 0.851
500995 0.833
500996 0.872
500997 0.982
500998 1.035
500999 1.356
501000 0.646
501001 0.938
501002 0.963
501003 0.933
501004 0.853
501005 0.966
501006 1.039
501007 0.681
501008 0.709
501009 0.873
501010 1.157
501011 0.936
501012 1.162
501013 1.137
501014 0.691
501015 0.712
501016 0.624
501017 1.085
501018 0.933
501019 1.012
501020 1.103
501021 0.991
501022 1.027
501023 0.87
501024 0.964
501025 0.588
501026 0.655
501027 0.911
501028 0.834
501029 1.35
501030 0.839
501031 1.096
501032 1.074
501033 1.044
501034 1.023
501035 0.837
501036 0.649
501037 0.793
501038 0.683
501039 0.674
501040 0.797
501041 1.178
501042 1.099
501043 1.12
501044 0.708
501045 1.066
501046 0.954
501047 0.979
501048 1.402
501049 1.006
501050 0.642
501051 0.923
501052 1.147
501053 0.631
501054 1.172
501055 1.25
501056 0.979
501057 0.99
501058 1.165
501059 0.739
501060 1.137
501061 1.103
501062 1.024
501063 1.11
501064 0.792
501065 1.034
501066 1.367
501067 1.139
501068 0.694
501069 0.688
501070 1.189
501071 0.911
501072 0.794
501073 1.173
501074 1.3
501075 1.051
501076 1.028
501077 0.657
501078 0.928
501079 0.695
501080 1.09
501081 0.963
501082 0.721
501083 1.112
501084 1.108
501085 0.691
501086 1.149
501087 1.088
501088 1.078
501089 1.538
501090 1.146
501091 0.859
501092 1.043
501093 0.801
501094 0.744
501095 0.73
501096 0.832
501097 0.847
501098 1.001
501099 0.788
501100 0.962
501101 0.785
501102 0.896
501103 0.95
501104 1.036
501105 0.453
501106 0.951
501107 0.927
501108 0.927
501109 0.973
501110 1.179
501111 1.027
501112 0.887
501113 0.695
501114 0.925
501115 0.773
501116 0.781
501117 1.04
501118 0.877
501119 0.629
501120 0.741
501121 0.642
501122 1.247
501123 1.281
501124 0.963
501125 0.793
501126 0.959
501127 0.685
501128 0.941
501129 0.992
501130 1.062
501131 0.883
501132 1.166
501133 1.098
501134 1.011
501135 0.854
501136 0.741
501137 0.681
501138 1.031
501139 0.793
501140 1.01
501141 0.942
501142 0.941
501143 0.953
501144 1.443
501145 1.072
501146 1.142
501147 1.144
501148 0.976
501149 1.054
501150 1.18
501151 1.32
501152 0.743
501153 0.696
501154 0.652
501155 1.007
501156 1.29
501157 1.0
501158 1.031
501159 0.899
501160 0.977
501161 1.05
501162 0.814
501163 1.008
501164 0.76
501165 1.061
501166 1.106
501167 0.941
501168 1.292
501169 1.054
501170 0.664
501171 1.01
501172 0.652
501173 1.065
501174 1.261
501175 1.415
501176 1.037
501177 1.102
501178 0.974
501179 1.111
501180 0.841
501181 0.593
501182 1.05
501183 1.305
501184 1.043
501185 1.181
501186 0.88
501187 0.891
501188 1.074
501189 0.856
501190 0.681
501191 0.853
501192 0.993
501193 0.769
501194 0.801
501195 0.988
501196 0.992
501197 0.791
501198 0.931
501199 1.266
501200 0.927
501201 0.743
501202 0.802
501203 1.044
501204 1.18
501205 0.71
501206 0.462
501207 0.7
501208 0.802
501209 0.992
501210 0.994
501211 1.12
501212 0.93
501213 0.817
501214 0.861
501215 1.274
501216 0.883
501217 0.819
501218 0.81
501219 0.925
501220 0.956
501221 0.784
501222 0.666
501223 0.99
501224 0.95
501225 1.117
501226 0.96
501227 0.875
501228 1.059
501229 0.808
501230 0.754
501231 0.949
501232 0.77
501233 0.641
501234 1.094
501235 0.451
501236 0.797
501237 1.062
501238 1.005
501239 0.545
501240 0.715
501241 0.432
501242 0.748
501243 0.957
501244 0.945
501245 0.914
501246 0.695
501247 0.806
501248 0.64
501249 0.777
501250 0.887
501251 0.828
501252 0.933
501253 0.916
501254 0.851
501255 0.651
501256 0.944
501257 0.621
501258 0.617
501259 0.718
501260 0.6
501261 0.493
501262 0.619
501263 0.96
501264 1.031
501265 1.169
501266 0.756
501267 0.844
501268 0.676
501269 0.57
501270 0.608
501271 1.116
501272 0.622
501273 0.783
501274 0.873
501275 1.178
501276 0.804
501277 0.826
501278 1.115
501279 0.92
501280 0.994
501281 0.783
501282 0.997
501283 0.922
501284 0.658
501285 0.842
501286 1.039
501287 0.944
501288 1.132
501289 0.81
501290 0.721
501291 0.8
501292 1.153
501293 1.12
501294 1.221
501295 1.146
501296 0.814
501297 0.853
501298 1.04
501299 1.075
501300 0.992
501301 0.861
501302 1.042
501303 0.861
501304 0.684
501305 0.783
501306 0.67
501307 1.072
501308 0.784
501309 0.79
501310 0.82
501311 0.91
501312 0.538
501313 0.715
501314 0.31
501315 -0.25
501316 -0.217
501317 0.373
501318 0.655
501319 0.435
501320 -0.031
501321 1.232
501322 1.761
501323 1.01
501324 1.623
501325 1.342
501326 0.251
501327 0.794
501328 1.125
501329 0.893
501330 1.295
501331 1.153
501332 0.533
501333 0.984
501334 1.037
501335 0.961
501336 1.135
501337 0.695
501338 0.614
501339 0.745
501340 1.006
501341 0.656
501342 0.639
501343 1.085
501344 0.801
501345 1.303
501346 0.491
501347 0.901
501348 1.222
501349 2.218
501350 -0.714
501351 1.381
501352 2.038
501353 0.054
501354 0.465
501355 1.65
501356 1.06
501357 -0.023
501358 0.529
501359 1.832
501360 0.244
501361 0.004
501362 0.756
501363 -0.617
501364 0.115
501365 0.159
501366 -0.529
501367 1.206
501368 2.93
501369 0.565
501370 0.654
501371 0.849
501372 1.924
501373 1.727
501374 1.013
501375 0.564
501376 0.242
501377 1.421
501378 0.724
501379 0.511
501380 1.202
501381 0.954
501382 0.524
501383 0.322
501384 1.261
501385 0.669
501386 0.906
501387 0.864
501388 0.393
501389 1.342
501390 1.161
501391 1.144
501392 -0.036
501393 1.507
501394 1.082
501395 1.159
501396 -0.2
501397 0.71
501398 0.779
501399 0.925
501400 1.257
501401 0.616
501402 0.093
501403 -0.052
501404 1.178
501405 0.079
501406 1.604
501407 0.576
501408 0.755
501409 0.581
501410 0.863
501411 0.366
501412 0.984
501413 0.727
501414 1.051
501415 0.665
501416 0.735
501417 0.769
501418 1.275
501419 0.839
501420 0.84
501421 0.21
501422 1.14
501423 0.589
501424 1.203
501425 0.245
501426 1.471
501427 0.53
501428 1.476
501429 -0.06
501430 1.576
501431 0.432
501432 1.643
501433 0.184
501434 1.337
501435 0.675
501436 1.182
501437 0.65
501438 0.583
501439 1.562
501440 0.133
501441 1.403
501442 -0.019
501443 1.816
501444 0.215
501445 1.038
501446 1.065
501447 0.151
501448 1.587
501449 -0.086
501450 1.511
501451 0.121
501452 1.301
501453 1.398
501454 -0.317
501455 1.874
501456 -0.026
501457 0.904
501458 1.346
501459 -0.254
501460 2.038
501461 -0.037
501462 0.499
501463 2.357
501464 -0.725
501465 1.483
501466 1.753
501467 -0.88
501468 2.232
501469 0.74
501470 -0.218
501471 2.728
501472 -0.295
501473 0.122
501474 2.978
501475 -1.151
501476 0.801
501477 3.162
501478 -1.409
501479 1.205
501480 2.939
501481 -1.564
501482 1.151
501483 2.782
501484 -1.502
501485 1.024
501486 2.666
501487 -1.398
501488 0.698
501489 3.35
501490 -1.693
501491 -0.046
501492 4.297
501493 -0.732
501494 -1.472
501495 3.422
501496 0.588
501497 -1.572
501498 2.659
501499 2.614
501500 -2.458
501501 0.684
501502 3.805
501503 -0.518
501504 -1.609
501505 3.218
501506 2.681
501507 -2.035
501508 0.197
501509 3.75
501510 0.607
501511 -1.559
501512 2.155
501513 2.412
501514 -1.048
501515 0.076
501516 2.672
501517 0.795
501518 -0.673
501519 1.266
501520 1.73
501521 0.711
501522 0.07
501523 1.372
501524 1.606
501525 0.111
501526 0.324
501527 2.418
501528 0.939
501529 -0.557
501530 1.159
501531 2.293
501532 0.091
501533 -0.315
501534 1.824
501535 1.678
501536 0.439
501537 0.474
501538 0.989
501539 0.808
501540 0.853
501541 0.841
501542 1.346
501543 1.168
501544 0.812
501545 -0.505
501546 0.847
501547 1.501
501548 0.482
501549 0.136
501550 1.621
501551 1.034
501552 0.434
501553 0.376
501554 1.107
501555 1.226
501556 0.568
501557 0.179
501558 1.113
501559 1.345
501560 0.083
501561 0.151
501562 2.197
501563 0.946
501564 -0.459
501565 1.853
501566 1.298
501567 -0.908
501568 1.954
501569 1.163
501570 -0.926
501571 1.787
501572 1.743
501573 -0.22
501574 0.702
501575 1.371
501576 0.554
501577 0.737
501578 0.28
501579 0.904
501580 1.06
501581 1.661
501582 0.884
501583 0.406
501584 1.173
501585 0.672
501586 0.322
501587 1.161
501588 1.072
501589 0.381
501590 0.936
501591 0.927
501592 0.603
501593 0.565
501594 1.372
501595 0.608
501596 0.358
501597 1.32
501598 1.085
501599 0.527
501600 0.908
501601 1.172
501602 0.546
501603 1.005
501604 1.226
501605 0.55
501606 0.787
501607 0.962
501608 0.577
501609 0.69
501610 1.172
501611 0.796
501612 0.409
501613 1.084
501614 1.057
501615 0.534
501616 0.748
501617 1.111
501618 0.721
501619 0.704
501620 1.036
501621 0.842
501622 0.69
501623 0.613
501624 0.767
501625 0.778
501626 0.75
501627 0.684
501628 0.856
501629 0.769
501630 0.734
501631 0.73
501632 0.628
501633 0.811
501634 0.995
501635 0.587
501636 0.706
501637 1.037
501638 0.626
501639 0.696
501640 0.95
501641 0.784
501642 0.687
501643 0.609
501644 0.78
501645 1.106
501646 0.757
501647 0.569
501648 0.931
501649 0.732
501650 0.545
501651 1.013
501652 0.875
501653 0.632
501654 0.716
501655 0.8
501656 0.729
501657 0.908
501658 0.878
501659 0.704
501660 0.728
501661 1.034
501662 0.804
501663 0.697
501664 0.913
501665 0.849
501666 0.729
501667 0.616
501668 0.81
501669 1.033
501670 0.589
501671 0.446
501672 1.108
501673 0.784
501674 0.395
501675 1.022
501676 0.996
501677 0.494
501678 0.691
501679 1.047
501680 0.663
501681 0.49
501682 0.952
501683 1.015
501684 0.435
501685 0.609
501686 1.161
501687 0.845
501688 0.436
501689 1.185
501690 0.89
501691 0.167
501692 -0.419
501693 -0.458
501694 0.837
501695 2.012
501696 0.687
501697 0.78
501698 1.161
501699 0.805
501700 0.818
501701 1.324
501702 1.221
501703 1.098
501704 2.608
501705 0.437
501706 0.424
501707 0.846
501708 0.307
501709 1.501
501710 1.485
501711 0.238
501712 -0.0
501713 0.5
501714 0.491
501715 0.553
501716 1.38
501717 0.833
501718 0.514
501719 0.606
501720 0.719
501721 0.667
501722 0.978
501723 1.076
501724 0.608
501725 0.791
501726 1.018
501727 0.686
501728 0.695
501729 0.899
501730 0.817
501731 0.559
501732 0.491
501733 1.035
501734 0.958
501735 0.816
501736 0.854
501737 0.874
501738 0.837
501739 0.805
501740 1.126
501741 0.856
501742 0.855
501743 1.235
501744 0.946
501745 0.551
501746 0.847
501747 0.914
501748 0.776
501749 0.708
501750 0.455
501751 -0.456
501752 1.297
501753 1.165
501754 0.241
501755 1.036
501756 1.913
501757 0.923
501758 -0.018
501759 1.302
501760 2.933
501761 3.256
501762 2.517
501763 0.948
501764 0.44
501765 -0.243
501766 -0.561
501767 1.153
501768 1.54
501769 1.047
501770 0.609
501771 0.935
501772 1.32
501773 -0.45
501774 1.49
501775 0.949
501776 0.09
501777 0.911
501778 1.945
501779 1.376
501780 1.131
501781 0.521
501782 0.562
501783 -0.272
501784 0.14
501785 0.007
501786 0.026
501787 -0.113
501788 -1.311
501789 -0.693
501790 1.589
501791 1.157
501792 1.302
501793 0.571
501794 0.6
501795 0.425
501796 1.93
501797 0.919
501798 -0.185
501799 0.306
501800 0.717
501801 0.154
501802 0.139
501803 0.998
501804 1.706
501805 0.415
501806 0.314
501807 1.273
501808 0.975
501809 1.075
501810 0.838
501811 0.77
501812 1.068
501813 0.772
501814 0.585
501815 0.81
501816 0.997
501817 0.91
501818 0.873
501819 0.768
501820 0.711
501821 1.159
501822 1.391
501823 0.838
501824 0.589
501825 1.016
501826 0.962
501827 0.952
501828 1.227
501829 0.536
501830 0.927
501831 0.597
501832 1.015
501833 -0.192
501834 -0.628
501835 0.581
501836 1.692
501837 0.366
501838 1.322
501839 1.076
501840 0.846
501841 1.395
501842 2.049
501843 -0.001
501844 -0.281
501845 1.155
501846 1.399
501847 0.224
501848 0.577
501849 0.791
501850 1.606
501851 -0.06
501852 -0.949
501853 1.496
501854 1.973
501855 0.858
501856 0.372
501857 0.968
501858 1.647
501859 0.823
501860 1.295
501861 0.264
501862 -0.103
501863 0.466
501864 0.281
501865 0.099
501866 0.302
501867 0.515
501868 0.354
501869 0.564
501870 0.275
501871 0.511
501872 0.21
501873 0.328
501874 0.55
501875 -0.365
501876 1.052
501877 1.0
501878 -0.719
501879 1.384
501880 1.565
501881 0.289
501882 0.149
501883 -0.112
501884 1.254
501885 1.094
501886 -0.321
501887 -0.433
501888 1.004
501889 0.99
501890 -0.668
501891 0.494
501892 1.347
501893 0.401
501894 -0.25
501895 0.09
501896 -0.364
501897 0.162
501898 0.244
501899 -0.31
501900 -1.333
501901 -0.359
501902 0.708
501903 -0.051
501904 -1.078
501905 -0.835
501906 0.445
501907 -0.379
501908 0.441
501909 -0.45
501910 -0.35
501911 -0.837
501912 -1.366
501913 -1.296
501914 0.087
501915 0.796
501916 0.466
501917 1.136
501918 -5.666
501919 1.499
501920 -1.171
501921 2.552
501922 4.799
501923 -2.648
501924 -8.424
501925 -2.46
501926 3.211
501927 9.509
501928 9.118
501929 8.561
501930 6.908
501931 2.884
501932 2.522
501933 1.345
501934 1.197
501935 0.749
501936 1.555
501937 1.8
501938 3.637
501939 3.096
501940 3.146
501941 3.135
501942 3.038
501943 2.849
501944 2.845
501945 2.751
501946 3.083
501947 3.146
501948 3.049
501949 3.089
501950 3.072
501951 5.481
501952 5.64
501953 5.684
501954 5.703
501955 5.701
501956 5.68
501957 5.689
501958 5.66
501959 5.349
501960 4.527
501961 4.11
501962 3.919
501963 2.006
501964 2.891
501965 3.347
501966 4.533
501967 4.913
501968 5.463
501969 7.233
501970 7.217
501971 7.691
501972 6.767
501973 7.574
501974 4.793
501975 7.168
501976 10.118
501977 8.16
501978 12.307
501979 11.344
501980 10.07
501981 13.102
501982 10.194
501983 7.03
501984 5.85
501985 5.286
501986 5.67
501987 5.688
501988 4.907
501989 5.034
501990 3.649
501991 2.973
501992 2.407
501993 1.884
501994 1.716
501995 0.73
501996 2.181
501997 2.23
501998 3.048
501999 3.355
502000 2.58
502001 2.36
502002 3.52
502003 2.471
502004 2.343
502005 3.267
502006 2.047
502007 1.842
502008 2.639
502009 2.472
502010 3.353
502011 3.564
502012 3.95
502013 5.575
502014 5.983
502015 7.849
502016 7.987
502017 7.055
502018 6.865
502019 6.885
502020 6.875
502021 6.881
502022 6.878
502023 6.865
502024 6.684
502025 6.691
502026 6.752
502027 6.818
502028 6.795
502029 6.802
502030 6.789
502031 6.794
502032 6.796
502033 6.802
502034 6.81
502035 6.811
502036 6.81
502037 6.813
502038 6.811
502039 6.811
502040 6.805
502041 6.801
502042 6.804
502043 6.798
502044 6.801
502045 6.805
502046 6.804
502047 6.803
502048 6.803
502049 6.795
502050 6.799
502051 6.805
502052 6.811
502053 6.817
502054 6.819
502055 6.819
502056 6.816
502057 6.815
502058 6.81
502059 6.815
502060 6.816
502061 6.819
502062 6.819
502063 6.821
502064 6.823
502065 6.827
502066 6.824
502067 6.823
502068 6.829
502069 6.827
502070 6.824
502071 6.826
502072 6.827
502073 6.825
502074 6.829
502075 6.827
502076 6.823
502077 6.823
502078 6.821
502079 6.821
502080 6.821
502081 6.824
502082 6.826
502083 6.823
502084 6.82
502085 6.815
502086 6.814
502087 6.819
502088 6.818
502089 6.82
502090 6.822
502091 6.82
502092 6.819
502093 6.824
502094 6.824
502095 6.818
502096 6.819
502097 6.827
502098 6.827
502099 6.831
502100 6.833
502101 6.839
502102 6.842
502103 6.848
502104 6.848
502105 6.851
502106 6.849
502107 6.849
502108 6.852
502109 6.846
502110 6.844
502111 6.845
502112 6.843
502113 6.842
502114 6.843
502115 6.847
502116 6.847
502117 6.845
502118 6.837
502119 6.835
502120 6.838
502121 6.837
502122 6.84
502123 6.84
502124 6.844
502125 6.843
502126 6.84
502127 6.844
502128 6.843
502129 6.845
502130 6.845
502131 6.848
502132 6.849
502133 6.845
502134 6.846
502135 6.843
502136 6.839
502137 6.838
502138 6.84
502139 6.845
502140 6.842
502141 6.841
502142 6.84
502143 6.829
502144 6.839
502145 6.83
502146 6.847
502147 6.844
502148 6.851
502149 6.853
502150 6.874
502151 6.853
502152 6.857
502153 6.852
502154 6.847
502155 6.851
502156 6.853
502157 6.859
502158 6.85
502159 6.857
502160 6.834
502161 6.851
502162 6.844
502163 6.84
502164 6.843
502165 6.844
502166 6.845
502167 6.844
502168 6.843
502169 6.844
502170 6.847
502171 6.84
502172 6.842
502173 6.845
502174 6.844
502175 6.843
502176 6.838
502177 6.843
502178 6.844
502179 6.847
502180 6.849
502181 6.846
502182 6.843
502183 6.84
502184 6.844
502185 6.838
502186 6.843
502187 6.838
502188 6.837
502189 6.842
502190 6.846
502191 6.845
502192 6.851
502193 6.846
502194 6.848
502195 6.845
502196 6.842
502197 6.844
502198 6.851
502199 6.853
502200 6.86
502201 6.863
502202 6.87
502203 6.871
502204 6.87
502205 6.87
502206 6.869
502207 6.869
502208 6.861
502209 6.857
502210 6.856
502211 6.861
502212 6.864
502213 6.87
502214 6.869
502215 6.869
502216 6.867
502217 6.87
502218 6.871
502219 6.869
502220 6.863
502221 6.866
502222 6.869
502223 6.874
502224 6.871
502225 6.87
502226 6.87
502227 6.869
502228 6.874
502229 6.872
502230 6.864
502231 6.859
502232 6.857
502233 6.857
502234 6.854
502235 6.848
502236 6.842
502237 6.836
502238 6.832
502239 6.831
502240 6.831
502241 6.829
502242 6.834
502243 6.838
502244 6.837
502245 6.837
502246 6.838
502247 6.837
502248 6.842
502249 6.843
502250 6.848
502251 6.855
502252 6.859
502253 6.859
502254 6.861
502255 6.86
502256 6.863
502257 6.86
502258 6.867
502259 6.861
502260 6.861
502261 6.858
502262 6.864
502263 6.865
502264 6.859
502265 6.857
502266 6.856
502267 6.853
502268 6.853
502269 6.857
502270 6.864
502271 6.871
502272 6.876
502273 6.875
502274 6.869
502275 6.862
502276 6.856
502277 6.848
502278 6.85
502279 6.846
502280 6.844
502281 6.841
502282 6.84
502283 6.837
502284 6.834
502285 6.829
502286 6.83
502287 6.829
502288 6.834
502289 6.84
502290 6.845
502291 6.844
502292 6.844
502293 6.843
502294 6.85
502295 6.853
502296 6.852
502297 6.856
502298 6.86
502299 6.856
502300 6.847
502301 6.847
502302 6.847
502303 6.847
502304 6.845
502305 6.84
502306 6.839
502307 6.841
502308 6.839
502309 6.837
502310 6.838
502311 6.836
502312 6.832
502313 6.832
502314 6.837
502315 6.839
502316 6.845
502317 6.849
502318 6.852
502319 6.85
502320 6.848
502321 6.85
502322 6.846
502323 6.854
502324 6.856
502325 6.853
502326 6.864
502327 6.867
502328 6.871
502329 6.877
502330 6.883
502331 6.887
502332 6.886
502333 6.89
502334 6.894
502335 6.897
502336 6.903
502337 6.9
502338 6.897
502339 6.897
502340 6.895
502341 6.891
502342 6.884
502343 6.881
502344 6.88
502345 6.881
502346 6.879
502347 6.877
502348 6.877
502349 6.88
502350 6.884
502351 6.886
502352 6.88
502353 6.878
502354 6.876
502355 6.866
502356 6.866
502357 6.86
502358 6.862
502359 6.861
502360 6.861
502361 6.854
502362 6.853
502363 6.845
502364 6.843
502365 6.85
502366 6.853
502367 6.851
502368 6.848
502369 6.85
502370 6.848
502371 6.852
502372 6.853
502373 6.853
502374 6.852
502375 6.855
502376 6.854
502377 6.857
502378 6.858
502379 6.861
502380 6.862
502381 6.861
502382 6.862
502383 6.856
502384 6.859
502385 6.857
502386 6.86
502387 6.856
502388 6.853
502389 6.857
502390 6.864
502391 6.858
502392 6.857
502393 6.859
502394 6.859
502395 6.862
502396 6.859
502397 6.858
502398 6.864
502399 6.865
502400 6.871
502401 6.872
502402 6.879
502403 6.873
502404 6.874
502405 6.878
502406 6.872
502407 6.869
502408 6.869
502409 6.866
502410 6.868
502411 6.874
502412 6.875
502413 6.881
502414 6.882
502415 6.886
502416 6.891
502417 6.893
502418 6.892
502419 6.889
502420 6.885
502421 6.878
502422 6.875
502423 6.869
502424 6.863
502425 6.861
502426 6.858
502427 6.853
502428 6.85
502429 6.849
502430 6.85
502431 6.852
502432 6.855
502433 6.853
502434 6.849
502435 6.849
502436 6.852
502437 6.855
502438 6.857
502439 6.858
502440 6.868
502441 6.875
502442 6.879
502443 6.884
502444 6.888
502445 6.885
502446 6.888
502447 6.893
502448 6.888
502449 6.881
502450 6.875
502451 6.875
502452 6.873
502453 6.872
502454 6.868
502455 6.868
502456 6.864
502457 6.86
502458 6.863
502459 6.86
502460 6.856
502461 6.852
502462 6.846
502463 6.848
502464 6.844
502465 6.842
502466 6.843
502467 6.848
502468 6.849
502469 6.853
502470 6.855
502471 6.857
502472 6.859
502473 6.863
502474 6.867
502475 6.866
502476 6.862
502477 6.867
502478 6.864
502479 6.864
502480 6.86
502481 6.862
502482 6.862
502483 6.866
502484 6.866
502485 6.864
502486 6.862
502487 6.862
502488 6.866
502489 6.868
502490 6.872
502491 6.875
502492 6.88
502493 6.876
502494 6.873
502495 6.88
502496 6.881
502497 6.884
502498 6.883
502499 6.883
502500 6.873
502501 6.869
502502 6.865
502503 6.862
502504 6.865
502505 6.865
502506 6.864
502507 6.861
502508 6.862
502509 6.866
502510 6.869
502511 6.87
502512 6.868
502513 6.867
502514 6.867
502515 6.868
502516 6.868
502517 6.864
502518 6.867
502519 6.867
502520 6.864
502521 6.868
502522 6.868
502523 6.867
502524 6.87
502525 6.872
502526 6.875
502527 6.879
502528 6.877
502529 6.876
502530 6.878
502531 6.873
502532 6.876
502533 6.877
502534 6.872
502535 6.871
502536 6.873
502537 6.864
502538 6.862
502539 6.866
502540 6.869
502541 6.873
502542 6.877
502543 6.879
502544 6.88
502545 6.879
502546 6.881
502547 6.88
502548 6.879
502549 6.876
502550 6.882
502551 6.882
502552 6.877
502553 6.873
502554 6.872
502555 6.871
502556 6.868
502557 6.866
502558 6.861
502559 6.864
502560 6.868
502561 6.864
502562 6.862
502563 6.868
502564 6.869
502565 6.873
502566 6.877
502567 6.875
502568 6.878
502569 6.873
502570 6.877
502571 6.879
502572 6.88
502573 6.89
502574 6.887
502575 6.888
