Epoch Height
496044 -0.004
496043 -0.004
496044 -0.002
496045 -0.002
496046 0.0
496047 0.002
496048 0.004
496049 0.006
496050 0.006
496051 0.008
496052 0.01
496053 0.01
496054 0.012
496055 0.014
496056 0.014
496057 0.016
496058 0.016
496059 0.016
496060 0.018
496061 0.018
496062 0.018
496063 0.02
496064 0.02
496065 0.02
496066 0.02
496067 0.02
496068 0.02
496069 0.02
496070 0.018
496071 0.018
496072 0.018
496073 0.016
496074 0.014
496075 0.014
496076 0.012
496077 0.01
496078 0.01
496079 0.008
496080 0.008
496081 0.006
496082 0.006
496083 0.004
496084 0.002
496085 0.002
496086 0.0
496087 0.0
496088 -0.002
496089 -0.002
496090 -0.004
496091 -0.004
496092 -0.004
496093 -0.004
496094 -0.004
496095 -0.004
496096 -0.004
496097 -0.004
496098 -0.004
496099 -0.002
496100 -0.002
496101 -0.002
496102 0.0
496103 0.0
496104 0.0
496105 0.002
496106 0.002
496107 0.002
496108 0.002
496109 0.002
496110 0.002
496111 0.002
496112 0.002
496113 0.0
496114 0.0
496115 -0.002
496116 -0.002
496117 -0.002
496118 -0.004
496119 -0.004
496120 -0.006
496121 -0.006
496122 -0.006
496123 -0.008
496124 -0.008
496125 -0.008
496126 -0.01
496127 -0.01
496128 -0.01
496129 -0.01
496130 -0.01
496131 -0.01
496132 -0.01
496133 -0.01
496134 -0.008
496135 -0.008
496136 -0.008
496137 -0.006
496138 -0.006
496139 -0.006
496140 -0.004
496141 -0.004
496142 -0.004
496143 -0.004
496144 -0.002
496145 -0.002
496146 -0.002
496147 0.0
496148 0.0
496149 0.0
496150 0.0
496151 0.0
496152 0.002
496153 0.002
496154 0.002
496155 0.002
496156 0.002
496157 0.002
496158 0.002
496159 0.002
496160 0.0
496161 0.0
496162 0.0
496163 0.0
496164 -0.002
496165 -0.002
496166 -0.002
496167 -0.004
496168 -0.004
496169 -0.004
496170 -0.006
496171 -0.006
496172 -0.006
496173 -0.008
496174 -0.008
496175 -0.008
496176 -0.008
496177 -0.008
496178 -0.008
496179 -0.008
496180 -0.008
496181 -0.008
496182 -0.008
496183 -0.008
496184 -0.006
496185 -0.006
496186 -0.006
496187 -0.006
496188 -0.004
496189 -0.004
496190 -0.002
496191 -0.002
496192 0.0
496193 0.002
496194 0.002
496195 0.004
496196 0.006
496197 0.008
496198 0.01
496199 0.012
496200 0.014
496201 0.016
496202 0.018
496203 0.02
496204 0.02
496205 0.022
496206 0.024
496207 0.024
496208 0.026
496209 0.026
496210 0.026
496211 0.026
496212 0.028
496213 0.028
496214 0.028
496215 0.028
496216 0.03
496217 0.03
496218 0.03
496219 0.03
496220 0.03
496221 0.03
496222 0.03
496223 0.03
496224 0.03
496225 0.03
496226 0.03
496227 0.028
496228 0.028
496229 0.026
496230 0.026
496231 0.024
496232 0.022
496233 0.02
496234 0.018
496235 0.016
496236 0.012
496237 0.01
496238 0.008
496239 0.006
496240 0.004
496241 0.002
496242 0.0
496243 -0.002
496244 -0.004
496245 -0.004
496246 -0.006
496247 -0.006
496248 -0.008
496249 -0.008
496250 -0.008
496251 -0.008
496252 -0.008
496253 -0.008
496254 -0.01
496255 -0.008
496256 -0.008
496257 -0.008
496258 -0.008
496259 -0.008
496260 -0.008
496261 -0.008
496262 -0.006
496263 -0.006
496264 -0.004
496265 -0.004
496266 -0.002
496267 -0.002
496268 0.0
496269 0.0
496270 0.002
496271 0.002
496272 0.004
496273 0.006
496274 0.006
496275 0.008
496276 0.008
496277 0.01
496278 0.01
496279 0.01
496280 0.012
496281 0.012
496282 0.012
496283 0.012
496284 0.012
496285 0.012
496286 0.012
496287 0.012
496288 0.01
496289 0.01
496290 0.01
496291 0.01
496292 0.008
496293 0.008
496294 0.008
496295 0.008
496296 0.01
496297 0.01
496298 0.01
496299 0.012
496300 0.012
496301 0.012
496302 0.014
496303 0.014
496304 0.014
496305 0.014
496306 0.014
496307 0.014
496308 0.014
496309 0.014
496310 0.014
496311 0.014
496312 0.014
496313 0.014
496314 0.014
496315 0.014
496316 0.014
496317 0.014
496318 0.014
496319 0.012
496320 0.012
496321 0.012
496322 0.012
496323 0.012
496324 0.01
496325 0.01
496326 0.01
496327 0.01
496328 0.01
496329 0.01
496330 0.01
496331 0.01
496332 0.01
496333 0.01
496334 0.008
496335 0.008
496336 0.008
496337 0.008
496338 0.008
496339 0.008
496340 0.008
496341 0.008
496342 0.008
496343 0.008
496344 0.008
496345 0.008
496346 0.008
496347 0.01
496348 0.01
496349 0.01
496350 0.01
496351 0.01
496352 0.01
496353 0.01
496354 0.01
496355 0.01
496356 0.01
496357 0.01
496358 0.01
496359 0.01
496360 0.01
496361 0.01
496362 0.01
496363 0.01
496364 0.008
496365 0.008
496366 0.008
496367 0.008
496368 0.006
496369 0.006
496370 0.006
496371 0.006
496372 0.004
496373 0.004
496374 0.004
496375 0.004
496376 0.004
496377 0.004
496378 0.002
496379 0.002
496380 0.002
496381 0.002
496382 0.002
496383 0.002
496384 0.002
496385 0.002
496386 0.004
496387 0.004
496388 0.004
496389 0.004
496390 0.004
496391 0.002
496392 0.002
496393 0.002
496394 0.002
496395 0.002
496396 0.002
496397 0.002
496398 0.0
496399 0.0
496400 -0.002
496401 -0.002
496402 -0.004
496403 -0.006
496404 -0.01
496405 -0.012
496406 -0.014
496407 -0.016
496408 -0.02
496409 -0.022
496410 -0.026
496411 -0.028
496412 -0.03
496413 -0.032
496414 -0.034
496415 -0.034
496416 -0.036
496417 -0.036
496418 -0.036
496419 -0.036
496420 -0.036
496421 -0.034
496422 -0.034
496423 -0.034
496424 -0.032
496425 -0.03
496426 -0.03
496427 -0.028
496428 -0.026
496429 -0.026
496430 -0.024
496431 -0.022
496432 -0.02
496433 -0.018
496434 -0.016
496435 -0.014
496436 -0.012
496437 -0.01
496438 -0.008
496439 -0.006
496440 -0.006
496441 -0.004
496442 -0.002
496443 0.0
496444 0.002
496445 0.002
496446 0.004
496447 0.006
496448 0.008
496449 0.008
496450 0.01
496451 0.012
496452 0.012
496453 0.014
496454 0.014
496455 0.016
496456 0.016
496457 0.016
496458 0.016
496459 0.016
496460 0.016
496461 0.016
496462 0.016
496463 0.016
496464 0.014
496465 0.014
496466 0.014
496467 0.012
496468 0.012
496469 0.01
496470 0.008
496471 0.008
496472 0.008
496473 0.006
496474 0.006
496475 0.006
496476 0.004
496477 0.004
496478 0.002
496479 0.002
496480 0.0
496481 0.0
496482 -0.002
496483 -0.002
496484 -0.004
496485 -0.004
496486 -0.004
496487 -0.004
496488 -0.006
496489 -0.006
496490 -0.004
496491 -0.004
496492 -0.004
496493 -0.002
496494 -0.002
496495 -0.002
496496 0.0
496497 0.0
496498 0.0
496499 0.002
496500 0.002
496501 0.002
496502 0.002
496503 0.0
496504 0.0
496505 0.0
496506 -0.002
496507 -0.004
496508 -0.004
496509 -0.006
496510 -0.008
496511 -0.01
496512 -0.012
496513 -0.014
496514 -0.016
496515 -0.018
496516 -0.02
496517 -0.022
496518 -0.024
496519 -0.026
496520 -0.028
496521 -0.03
496522 -0.032
496523 -0.032
496524 -0.034
496525 -0.034
496526 -0.034
496527 -0.032
496528 -0.032
496529 -0.03
496530 -0.028
496531 -0.026
496532 -0.024
496533 -0.022
496534 -0.02
496535 -0.018
496536 -0.016
496537 -0.014
496538 -0.012
496539 -0.012
496540 -0.01
496541 -0.008
496542 -0.008
496543 -0.008
496544 -0.006
496545 -0.006
496546 -0.006
496547 -0.006
496548 -0.004
496549 -0.004
496550 -0.004
496551 -0.004
496552 -0.002
496553 -0.002
496554 -0.002
496555 0.0
496556 0.0
496557 0.0
496558 0.0
496559 0.0
496560 0.0
496561 0.0
496562 -0.002
496563 -0.002
496564 -0.004
496565 -0.004
496566 -0.004
496567 -0.006
496568 -0.006
496569 -0.008
496570 -0.008
496571 -0.01
496572 -0.01
496573 -0.012
496574 -0.012
496575 -0.014
496576 -0.014
496577 -0.014
496578 -0.014
496579 -0.014
496580 -0.014
496581 -0.012
496582 -0.012
496583 -0.01
496584 -0.01
496585 -0.008
496586 -0.008
496587 -0.006
496588 -0.004
496589 -0.004
496590 -0.002
496591 0.0
496592 0.0
496593 0.002
496594 0.004
496595 0.006
496596 0.008
496597 0.008
496598 0.01
496599 0.012
496600 0.012
496601 0.014
496602 0.014
496603 0.016
496604 0.016
496605 0.018
496606 0.018
496607 0.018
496608 0.018
496609 0.018
496610 0.02
496611 0.02
496612 0.02
496613 0.02
496614 0.02
496615 0.018
496616 0.018
496617 0.018
496618 0.018
496619 0.018
496620 0.018
496621 0.018
496622 0.02
496623 0.02
496624 0.022
496625 0.022
496626 0.024
496627 0.026
496628 0.026
496629 0.028
496630 0.03
496631 0.032
496632 0.034
496633 0.036
496634 0.038
496635 0.038
496636 0.04
496637 0.042
496638 0.042
496639 0.044
496640 0.044
496641 0.046
496642 0.046
496643 0.046
496644 0.044
496645 0.044
496646 0.044
496647 0.044
496648 0.042
496649 0.042
496650 0.04
496651 0.04
496652 0.038
496653 0.036
496654 0.034
496655 0.032
496656 0.03
496657 0.028
496658 0.026
496659 0.024
496660 0.022
496661 0.018
496662 0.016
496663 0.014
496664 0.01
496665 0.008
496666 0.006
496667 0.002
496668 0.0
496669 -0.004
496670 -0.006
496671 -0.008
496672 -0.012
496673 -0.014
496674 -0.016
496675 -0.02
496676 -0.022
496677 -0.024
496678 -0.026
496679 -0.028
496680 -0.03
496681 -0.03
496682 -0.032
496683 -0.034
496684 -0.034
496685 -0.036
496686 -0.036
496687 -0.036
496688 -0.036
496689 -0.036
496690 -0.036
496691 -0.036
496692 -0.036
496693 -0.036
496694 -0.034
496695 -0.034
496696 -0.032
496697 -0.03
496698 -0.028
496699 -0.028
496700 -0.026
496701 -0.024
496702 -0.022
496703 -0.022
496704 -0.02
496705 -0.02
496706 -0.018
496707 -0.018
496708 -0.016
496709 -0.016
496710 -0.016
496711 -0.016
496712 -0.016
496713 -0.016
496714 -0.016
496715 -0.016
496716 -0.016
496717 -0.016
496718 -0.016
496719 -0.016
496720 -0.016
496721 -0.018
496722 -0.018
496723 -0.018
496724 -0.018
496725 -0.018
496726 -0.018
496727 -0.018
496728 -0.018
496729 -0.016
496730 -0.016
496731 -0.016
496732 -0.016
496733 -0.016
496734 -0.016
496735 -0.016
496736 -0.016
496737 -0.016
496738 -0.016
496739 -0.016
496740 -0.016
496741 -0.016
496742 -0.014
496743 -0.014
496744 -0.014
496745 -0.014
496746 -0.014
496747 -0.012
496748 -0.012
496749 -0.012
496750 -0.012
496751 -0.01
496752 -0.01
496753 -0.01
496754 -0.008
496755 -0.008
496756 -0.008
496757 -0.008
496758 -0.006
496759 -0.006
496760 -0.006
496761 -0.006
496762 -0.004
496763 -0.004
496764 -0.004
496765 -0.002
496766 -0.002
496767 0.0
496768 0.0
496769 0.002
496770 0.002
496771 0.002
496772 0.004
496773 0.004
496774 0.006
496775 0.006
496776 0.006
496777 0.006
496778 0.008
496779 0.008
496780 0.008
496781 0.01
496782 0.01
496783 0.01
496784 0.012
496785 0.012
496786 0.012
496787 0.012
496788 0.012
496789 0.012
496790 0.012
496791 0.012
496792 0.012
496793 0.012
496794 0.012
496795 0.012
496796 0.012
496797 0.012
496798 0.014
496799 0.014
496800 0.014
496801 0.014
496802 0.014
496803 0.014
496804 0.014
496805 0.014
496806 0.014
496807 0.014
496808 0.014
496809 0.014
496810 0.012
496811 0.012
496812 0.012
496813 0.01
496814 0.01
496815 0.01
496816 0.01
496817 0.01
496818 0.01
496819 0.008
496820 0.008
496821 0.008
496822 0.008
496823 0.008
496824 0.01
496825 0.01
496826 0.01
496827 0.01
496828 0.01
496829 0.01
496830 0.01
496831 0.01
496832 0.01
496833 0.01
496834 0.01
496835 0.008
496836 0.008
496837 0.008
496838 0.008
496839 0.008
496840 0.008
496841 0.008
496842 0.008
496843 0.008
496844 0.008
496845 0.008
496846 0.008
496847 0.008
496848 0.008
496849 0.008
496850 0.008
496851 0.008
496852 0.008
496853 0.008
496854 0.008
496855 0.008
496856 0.008
496857 0.008
496858 0.01
496859 0.01
496860 0.01
496861 0.01
496862 0.01
496863 0.01
496864 0.01
496865 0.01
496866 0.008
496867 0.008
496868 0.008
496869 0.006
496870 0.006
496871 0.006
496872 0.004
496873 0.004
496874 0.002
496875 0.0
496876 -0.002
496877 -0.004
496878 -0.006
496879 -0.006
496880 -0.008
496881 -0.01
496882 -0.01
496883 -0.01
496884 -0.01
496885 -0.01
496886 -0.01
496887 -0.01
496888 -0.008
496889 -0.006
496890 -0.006
496891 -0.006
496892 -0.002
496893 0.0
496894 0.002
496895 0.004
496896 0.006
496897 0.008
496898 0.01
496899 0.012
496900 0.014
496901 0.018
496902 0.02
496903 0.022
496904 0.024
496905 0.026
496906 0.028
496907 0.03
496908 0.03
496909 0.032
496910 0.032
496911 0.034
496912 0.034
496913 0.034
496914 0.034
496915 0.034
496916 0.032
496917 0.032
496918 0.03
496919 0.028
496920 0.026
496921 0.026
496922 0.024
496923 0.022
496924 0.022
496925 0.022
496926 0.02
496927 0.02
496928 0.02
496929 0.02
496930 0.02
496931 0.02
496932 0.02
496933 0.02
496934 0.018
496935 0.018
496936 0.018
496937 0.018
496938 0.018
496939 0.018
496940 0.016
496941 0.016
496942 0.014
496943 0.012
496944 0.012
496945 0.01
496946 0.008
496947 0.006
496948 0.004
496949 0.002
496950 -0.002
496951 -0.004
496952 -0.006
496953 -0.008
496954 -0.006
496955 -0.016
496956 -0.046
496957 -0.072
496958 -0.116
496959 -0.162
496960 -0.21
496961 -0.266
496962 -0.352
496963 -0.398
496964 -0.436
496965 -0.43
496966 -0.424
496967 -0.4
496968 -0.368
496969 -0.344
496970 -0.32
496971 -0.286
496972 -0.26
496973 -0.218
496974 -0.182
496975 -0.15
496976 -0.112
496977 -0.074
496978 -0.042
496979 -0.026
496980 0.0
496981 0.022
496982 0.056
496983 0.088
496984 0.126
496985 0.164
496986 0.2
496987 0.218
496988 0.228
496989 0.238
496990 0.254
496991 0.26
496992 0.28
496993 0.29
496994 0.286
496995 0.292
496996 0.302
496997 0.308
496998 0.312
496999 0.302
497000 0.302
497001 0.286
497002 0.282
497003 0.282
497004 0.262
497005 0.222
497006 0.212
497007 0.166
497008 0.158
497009 0.146
497010 0.136
497011 0.14
497012 0.118
497013 0.106
497014 0.086
497015 0.07
497016 0.052
497017 0.04
497018 0.026
497019 0.016
497020 0.012
497021 -0.008
497022 -0.006
497023 0.01
497024 -0.002
497025 -0.01
497026 -0.018
497027 -0.02
497028 -0.02
497029 -0.02
497030 -0.02
497031 -0.02
497032 -0.018
497033 -0.016
497034 -0.016
497035 -0.014
497036 -0.014
497037 -0.012
497038 -0.01
497039 -0.006
497040 0.006
497041 0.014
497042 0.006
497043 0.004
497044 0.01
497045 0.026
497046 0.022
497047 0.018
497048 0.016
497049 0.012
497050 0.008
497051 0.01
497052 0.008
497053 0.008
497054 0.01
497055 0.012
497056 0.014
497057 0.024
497058 0.096
497059 0.146
497060 0.098
497061 0.022
497062 -0.084
497063 -0.208
497064 -0.234
497065 -0.216
497066 -0.208
497067 -0.166
497068 -0.144
497069 -0.11
497070 -0.082
497071 -0.042
497072 -0.006
497073 0.028
497074 0.068
497075 0.102
497076 0.14
497077 0.178
497078 0.206
497079 0.236
497080 0.262
497081 0.288
497082 0.31
497083 0.326
497084 0.342
497085 0.354
497086 0.362
497087 0.37
497088 0.372
497089 0.378
497090 0.37
497091 0.366
497092 0.362
497093 0.352
497094 0.34
497095 0.328
497096 0.314
497097 0.296
497098 0.282
497099 0.264
497100 0.246
497101 0.23
497102 0.216
497103 0.196
497104 0.178
497105 0.158
497106 0.14
497107 0.128
497108 0.112
497109 0.096
497110 0.084
497111 0.07
497112 0.062
497113 0.05
497114 0.04
497115 0.03
497116 0.02
497117 0.012
497118 0.004
497119 -0.006
497120 -0.014
497121 -0.02
497122 -0.028
497123 -0.036
497124 -0.04
497125 -0.046
497126 -0.052
497127 -0.058
497128 -0.062
497129 -0.066
497130 -0.072
497131 -0.074
497132 -0.078
497133 -0.08
497134 -0.084
497135 -0.086
497136 -0.086
497137 -0.09
497138 -0.09
497139 -0.092
497140 -0.09
497141 -0.092
497142 -0.092
497143 -0.092
497144 -0.092
497145 -0.092
497146 -0.092
497147 -0.09
497148 -0.09
497149 -0.09
497150 -0.09
497151 -0.09
497152 -0.09
497153 -0.088
497154 -0.088
497155 -0.088
497156 -0.088
497157 -0.088
497158 -0.088
497159 -0.084
497160 -0.086
497161 -0.084
497162 -0.086
497163 -0.084
497164 -0.084
497165 -0.084
497166 -0.084
497167 -0.084
497168 -0.082
497169 -0.082
497170 -0.08
497171 -0.078
497172 -0.078
497173 -0.074
497174 -0.074
497175 -0.072
497176 -0.07
497177 -0.068
497178 -0.068
497179 -0.064
497180 -0.064
497181 -0.06
497182 -0.06
497183 -0.056
497184 -0.056
497185 -0.054
497186 -0.054
497187 -0.052
497188 -0.052
497189 -0.05
497190 -0.052
497191 -0.052
497192 -0.052
497193 -0.052
497194 -0.054
497195 -0.054
497196 -0.054
497197 -0.054
497198 -0.056
497199 -0.056
497200 -0.058
497201 -0.058
497202 -0.058
497203 -0.058
497204 -0.058
497205 -0.058
497206 -0.058
497207 -0.058
497208 -0.056
497209 -0.056
497210 -0.054
497211 -0.054
497212 -0.052
497213 -0.05
497214 -0.05
497215 -0.048
497216 -0.046
497217 -0.044
497218 -0.042
497219 -0.042
497220 -0.038
497221 -0.036
497222 -0.036
497223 -0.034
497224 -0.032
497225 -0.032
497226 -0.032
497227 -0.03
497228 -0.028
497229 -0.03
497230 -0.028
497231 -0.026
497232 -0.028
497233 -0.028
497234 -0.028
497235 -0.028
497236 -0.028
497237 -0.03
497238 -0.028
497239 -0.028
497240 -0.03
497241 -0.03
497242 -0.028
497243 -0.03
497244 -0.03
497245 -0.03
497246 -0.032
497247 -0.032
497248 -0.034
497249 -0.034
497250 -0.034
497251 -0.032
497252 -0.032
497253 -0.032
497254 -0.03
497255 -0.032
497256 -0.03
497257 -0.03
497258 -0.028
497259 -0.028
497260 -0.028
497261 -0.028
497262 -0.026
497263 -0.024
497264 -0.024
497265 -0.02
497266 -0.02
497267 -0.018
497268 -0.016
497269 -0.016
497270 -0.018
497271 -0.016
497272 -0.012
497273 -0.012
497274 -0.014
497275 -0.014
497276 -0.014
497277 -0.014
497278 -0.014
497279 -0.012
497280 -0.014
497281 -0.016
497282 -0.016
497283 -0.016
497284 -0.02
497285 -0.022
497286 -0.024
497287 -0.024
497288 -0.024
497289 -0.026
497290 -0.026
497291 -0.024
497292 -0.028
497293 -0.03
497294 -0.032
497295 -0.032
497296 -0.032
497297 -0.032
497298 -0.032
497299 -0.032
497300 -0.03
497301 -0.032
497302 -0.032
497303 -0.032
497304 -0.032
497305 -0.03
497306 -0.03
497307 -0.03
497308 -0.03
497309 -0.03
497310 -0.03
497311 -0.03
497312 -0.028
497313 -0.028
497314 -0.03
497315 -0.03
497316 -0.028
497317 -0.03
497318 -0.028
497319 -0.028
497320 -0.026
497321 -0.028
497322 -0.026
497323 -0.024
497324 -0.024
497325 -0.024
497326 -0.022
497327 -0.022
497328 -0.02
497329 -0.02
497330 -0.018
497331 -0.018
497332 -0.014
497333 -0.016
497334 -0.008
497335 -0.01
497336 -0.01
497337 -0.006
497338 -0.004
497339 -0.004
497340 -0.004
497341 0.004
497342 0.006
497343 0.008
497344 0.012
497345 0.014
497346 0.014
497347 0.014
497348 0.016
497349 0.018
497350 0.016
497351 0.02
497352 0.026
497353 0.014
497354 0.016
497355 0.018
497356 0.012
497357 0.014
497358 0.016
497359 0.012
497360 0.01
497361 0.01
497362 0.008
497363 0.008
497364 0.006
497365 0.002
497366 0.002
497367 0.0
497368 -0.002
497369 -0.002
497370 -0.004
497371 -0.006
497372 -0.006
497373 -0.008
497374 -0.008
497375 -0.008
497376 -0.01
497377 -0.012
497378 -0.012
497379 -0.012
497380 -0.014
497381 -0.012
497382 -0.012
497383 -0.014
497384 -0.012
497385 -0.012
497386 -0.014
497387 -0.014
497388 -0.014
497389 -0.012
497390 -0.012
497391 -0.01
497392 -0.01
497393 -0.01
497394 -0.008
497395 -0.008
497396 -0.004
497397 -0.004
497398 0.0
497399 0.002
497400 0.004
497401 0.004
497402 0.006
497403 0.008
497404 0.008
497405 0.008
497406 0.008
497407 0.008
497408 0.008
497409 0.008
497410 0.008
497411 0.006
497412 0.006
497413 0.006
497414 0.004
497415 0.004
497416 0.002
497417 0.0
497418 0.002
497419 0.0
497420 -0.002
497421 -0.004
497422 -0.004
497423 -0.006
497424 -0.006
497425 -0.008
497426 -0.01
497427 -0.01
497428 -0.012
497429 -0.014
497430 -0.018
497431 -0.024
497432 -0.024
497433 -0.01
497434 -0.016
497435 -0.01
497436 -0.012
497437 -0.012
497438 -0.01
497439 -0.008
497440 -0.008
497441 -0.006
497442 -0.004
497443 -0.004
497444 0.002
497445 0.006
497446 0.01
497447 0.012
497448 0.014
497449 0.02
497450 0.026
497451 0.026
497452 0.03
497453 0.032
497454 0.032
497455 0.034
497456 0.034
497457 0.038
497458 0.042
497459 0.044
497460 0.044
497461 0.046
497462 0.046
497463 0.048
497464 0.048
497465 0.048
497466 0.048
497467 0.048
497468 0.044
497469 0.046
497470 0.046
497471 0.044
497472 0.042
497473 0.042
497474 0.04
497475 0.04
497476 0.038
497477 0.038
497478 0.034
497479 0.034
497480 0.03
497481 0.028
497482 0.028
497483 0.024
497484 0.022
497485 0.022
497486 0.02
497487 0.018
497488 0.016
497489 0.014
497490 0.012
497491 0.008
497492 0.008
497493 0.006
497494 0.004
497495 0.002
497496 0.0
497497 -0.002
497498 -0.004
497499 -0.006
497500 -0.006
497501 -0.008
497502 -0.01
497503 -0.01
497504 -0.014
497505 -0.014
497506 -0.022
497507 -0.024
497508 -0.018
497509 -0.026
497510 -0.03
497511 -0.02
497512 -0.018
497513 -0.018
497514 -0.018
497515 -0.024
497516 -0.022
497517 -0.032
497518 -0.03
497519 -0.026
497520 -0.022
497521 -0.016
497522 -0.014
497523 -0.012
497524 -0.012
497525 -0.012
497526 -0.01
497527 -0.008
497528 -0.006
497529 -0.004
497530 0.0
497531 0.002
497532 0.002
497533 0.004
497534 0.006
497535 0.01
497536 0.01
497537 0.01
497538 0.014
497539 0.016
497540 0.014
497541 0.016
497542 0.016
497543 0.018
497544 0.016
497545 0.016
497546 0.018
497547 0.018
497548 0.016
497549 0.016
497550 0.016
497551 0.018
497552 0.016
497553 0.014
497554 0.012
497555 0.012
497556 0.012
497557 0.008
497558 0.01
497559 0.008
497560 0.006
497561 0.004
497562 0.002
497563 0.004
497564 0.002
497565 0.0
497566 0.01
497567 0.002
497568 0.0
497569 -0.002
497570 -0.012
497571 -0.012
497572 -0.012
497573 -0.012
497574 -0.012
497575 -0.014
497576 -0.01
497577 -0.008
497578 -0.008
497579 -0.008
497580 -0.016
497581 -0.014
497582 -0.014
497583 -0.016
497584 -0.014
497585 -0.014
497586 -0.016
497587 -0.016
497588 -0.016
497589 -0.014
497590 -0.014
497591 -0.016
497592 -0.014
497593 -0.016
497594 -0.014
497595 -0.014
497596 -0.012
497597 -0.014
497598 -0.014
497599 -0.01
497600 -0.012
497601 -0.012
497602 -0.012
497603 -0.012
497604 -0.012
497605 -0.01
497606 -0.012
497607 -0.012
497608 -0.012
497609 -0.014
497610 -0.012
497611 -0.012
497612 -0.012
497613 -0.012
497614 -0.014
497615 -0.014
497616 -0.012
497617 -0.012
497618 -0.014
497619 -0.014
497620 -0.014
497621 -0.016
497622 -0.016
497623 -0.014
497624 -0.014
497625 -0.014
497626 -0.016
497627 -0.014
497628 -0.018
497629 -0.016
497630 -0.018
497631 -0.018
497632 -0.018
497633 -0.02
497634 -0.02
497635 -0.026
497636 -0.028
497637 -0.026
497638 -0.028
497639 -0.032
497640 -0.018
497641 -0.024
497642 -0.02
497643 -0.02
497644 -0.024
497645 -0.028
497646 -0.032
497647 -0.034
497648 -0.03
497649 -0.032
497650 -0.022
497651 -0.02
497652 -0.014
497653 -0.014
497654 -0.014
497655 -0.012
497656 -0.008
497657 -0.006
497658 -0.002
497659 -0.002
497660 0.004
497661 0.006
497662 0.01
497663 0.012
497664 0.016
497665 0.018
497666 0.022
497667 0.022
497668 0.022
497669 0.024
497670 0.024
497671 0.026
497672 0.028
497673 0.028
497674 0.028
497675 0.026
497676 0.024
497677 0.024
497678 0.024
497679 0.024
497680 0.026
497681 0.026
497682 0.022
497683 0.022
497684 0.02
497685 0.022
497686 0.02
497687 0.018
497688 0.018
497689 0.018
497690 0.018
497691 0.018
497692 0.02
497693 0.022
497694 0.018
497695 0.026
497696 0.024
497697 0.028
497698 0.022
497699 0.018
497700 0.014
497701 0.014
497702 0.014
497703 0.014
497704 0.014
497705 0.016
497706 0.02
497707 0.02
497708 0.014
497709 0.012
497710 0.014
497711 0.012
497712 0.012
497713 0.01
497714 0.008
497715 0.008
497716 0.008
497717 0.006
497718 0.006
497719 0.004
497720 0.004
497721 0.002
497722 0.0
497723 0.0
497724 -0.002
497725 -0.004
497726 -0.006
497727 -0.006
497728 -0.008
497729 -0.008
497730 -0.01
497731 -0.01
497732 -0.01
497733 -0.012
497734 -0.012
497735 -0.012
497736 -0.012
497737 -0.014
497738 -0.014
497739 -0.016
497740 -0.014
497741 -0.016
497742 -0.016
497743 -0.016
497744 -0.016
497745 -0.018
497746 -0.018
497747 -0.018
497748 -0.018
497749 -0.018
497750 -0.018
497751 -0.018
497752 -0.022
497753 -0.02
497754 -0.02
497755 -0.02
497756 -0.02
497757 -0.02
497758 -0.02
497759 -0.018
497760 -0.016
497761 -0.018
497762 -0.016
497763 -0.016
497764 -0.016
497765 -0.022
497766 -0.02
497767 -0.016
497768 -0.018
497769 -0.022
497770 -0.006
497771 -0.012
497772 -0.008
497773 -0.004
497774 -0.01
497775 -0.008
497776 -0.014
497777 -0.016
497778 -0.016
497779 -0.02
497780 -0.01
497781 -0.004
497782 -0.002
497783 -0.006
497784 -0.004
497785 -0.006
497786 -0.004
497787 -0.002
497788 0.0
497789 0.0
497790 0.006
497791 0.006
497792 0.008
497793 0.01
497794 0.014
497795 0.014
497796 0.018
497797 0.02
497798 0.022
497799 0.02
497800 0.026
497801 0.018
497802 0.02
497803 0.022
497804 0.016
497805 0.022
497806 0.026
497807 0.026
497808 0.028
497809 0.026
497810 0.026
497811 0.022
497812 0.024
497813 0.022
497814 0.02
497815 0.018
497816 0.02
497817 0.02
497818 0.02
497819 0.02
497820 0.022
497821 0.02
497822 0.02
497823 0.018
497824 0.018
497825 0.016
497826 0.014
497827 0.012
497828 0.014
497829 0.008
497830 0.01
497831 0.008
497832 0.008
497833 0.006
497834 0.002
497835 0.006
497836 0.0
497837 0.002
497838 0.0
497839 -0.002
497840 -0.002
497841 -0.004
497842 -0.004
497843 -0.006
497844 -0.004
497845 -0.004
497846 -0.004
497847 -0.004
497848 0.0
497849 -0.006
497850 -0.004
497851 -0.004
497852 -0.006
497853 0.002
497854 0.002
497855 0.002
497856 -0.002
497857 0.002
497858 -0.002
497859 -0.008
497860 -0.008
497861 -0.01
497862 -0.01
497863 -0.01
497864 -0.014
497865 -0.018
497866 -0.02
497867 -0.022
497868 -0.024
497869 -0.024
497870 -0.034
497871 -0.03
497872 -0.032
497873 -0.028
497874 -0.032
497875 -0.034
497876 -0.034
497877 -0.034
497878 -0.036
497879 -0.036
497880 -0.036
497881 -0.036
497882 -0.038
497883 -0.038
497884 -0.036
497885 -0.038
497886 -0.038
497887 -0.036
497888 -0.038
497889 -0.038
497890 -0.038
497891 -0.038
497892 -0.038
497893 -0.036
497894 -0.038
497895 -0.036
497896 -0.036
497897 -0.036
497898 -0.032
497899 -0.034
497900 -0.032
497901 -0.03
497902 -0.03
497903 -0.028
497904 -0.026
497905 -0.022
497906 -0.022
497907 -0.022
497908 -0.018
497909 -0.018
497910 -0.018
497911 -0.016
497912 -0.014
497913 -0.012
497914 -0.014
497915 -0.01
497916 -0.01
497917 -0.012
497918 -0.012
497919 -0.01
497920 -0.01
497921 -0.012
497922 -0.01
497923 -0.012
497924 -0.018
497925 -0.022
497926 -0.012
497927 -0.01
497928 -0.018
497929 -0.012
497930 -0.012
497931 -0.014
497932 -0.012
497933 -0.01
497934 -0.01
497935 -0.01
497936 -0.008
497937 -0.008
497938 -0.01
497939 -0.006
497940 -0.006
497941 -0.01
497942 -0.006
497943 -0.006
497944 -0.01
497945 -0.006
497946 -0.004
497947 -0.002
497948 -0.002
497949 0.0
497950 0.004
497951 0.006
497952 0.004
497953 0.008
497954 0.008
497955 0.01
497956 0.012
497957 0.01
497958 0.012
497959 0.012
497960 0.012
497961 0.012
497962 0.014
497963 0.012
497964 0.012
497965 0.014
497966 0.014
497967 0.014
497968 0.016
497969 0.016
497970 0.016
497971 0.012
497972 0.012
497973 0.02
497974 0.012
497975 0.014
497976 0.018
497977 0.018
497978 0.018
497979 0.018
497980 0.018
497981 0.018
497982 0.018
497983 0.02
497984 0.02
497985 0.02
497986 0.018
497987 0.024
497988 0.022
497989 0.024
497990 0.026
497991 0.028
497992 0.028
497993 0.03
497994 0.028
497995 0.03
497996 0.032
497997 0.032
497998 0.032
497999 0.032
498000 0.034
498001 0.032
498002 0.034
498003 0.034
498004 0.032
498005 0.03
498006 0.03
498007 0.03
498008 0.026
498009 0.026
498010 0.026
498011 0.022
498012 0.022
498013 0.034
498014 0.008
498015 0.02
498016 0.016
498017 0.016
498018 0.012
498019 0.008
498020 0.006
498021 0.008
498022 0.008
498023 0.006
498024 0.004
498025 0.008
498026 0.004
498027 0.004
498028 0.004
498029 0.002
498030 0.002
498031 -0.004
498032 -0.004
498033 0.0
498034 -0.004
498035 -0.004
498036 -0.002
498037 -0.004
498038 -0.006
498039 -0.002
498040 -0.004
498041 -0.004
498042 -0.004
498043 -0.004
498044 -0.004
498045 -0.004
498046 -0.004
498047 -0.004
498048 -0.006
498049 -0.006
498050 -0.006
498051 -0.006
498052 -0.006
498053 -0.008
498054 -0.008
498055 -0.008
498056 -0.01
498057 -0.01
498058 -0.012
498059 -0.012
498060 -0.012
498061 -0.012
498062 -0.014
498063 -0.014
498064 -0.016
498065 -0.014
498066 -0.016
498067 -0.016
498068 -0.016
498069 -0.016
498070 -0.018
498071 -0.018
498072 -0.016
498073 -0.014
498074 -0.014
498075 -0.014
498076 -0.012
498077 -0.012
498078 -0.012
498079 -0.012
498080 -0.01
498081 -0.01
498082 -0.01
498083 -0.01
498084 -0.01
498085 -0.008
498086 -0.008
498087 -0.006
498088 -0.004
498089 -0.004
498090 -0.002
498091 -0.002
498092 0.002
498093 0.004
498094 0.006
498095 0.008
498096 0.01
498097 0.012
498098 0.01
498099 0.014
498100 0.016
498101 0.018
498102 0.018
498103 0.022
498104 0.024
498105 0.024
498106 0.026
498107 0.026
498108 0.028
498109 0.028
498110 0.026
498111 0.028
498112 0.028
498113 0.028
498114 0.026
498115 0.026
498116 0.026
498117 0.024
498118 0.024
498119 0.024
498120 0.022
498121 0.022
498122 0.022
498123 0.02
498124 0.02
498125 0.018
498126 0.016
498127 0.018
498128 0.016
498129 0.016
498130 0.014
498131 0.014
498132 0.012
498133 0.012
498134 0.012
498135 0.01
498136 0.01
498137 0.01
498138 0.008
498139 0.006
498140 0.006
498141 0.006
498142 0.004
498143 0.004
498144 0.004
498145 0.004
498146 0.004
498147 0.006
498148 0.004
498149 0.004
498150 0.006
498151 0.006
498152 0.004
498153 0.004
498154 0.006
498155 0.006
498156 0.006
498157 0.008
498158 0.006
498159 0.006
498160 0.008
498161 0.006
498162 0.006
498163 0.006
498164 0.006
498165 0.006
498166 0.006
498167 0.006
498168 0.006
498169 0.006
498170 0.006
498171 0.006
498172 0.006
498173 0.006
498174 0.006
498175 0.006
498176 0.006
498177 0.006
498178 0.004
498179 0.004
498180 0.004
498181 0.002
498182 0.002
498183 0.0
498184 0.002
498185 0.002
498186 -0.002
498187 -0.002
498188 -0.004
498189 -0.004
498190 -0.004
498191 -0.004
498192 -0.004
498193 -0.004
498194 -0.004
498195 -0.006
498196 -0.006
498197 -0.006
498198 -0.006
498199 -0.006
498200 -0.008
498201 -0.008
498202 -0.008
498203 -0.008
498204 -0.004
498205 -0.002
498206 -0.002
498207 -0.004
498208 -0.008
498209 -0.004
498210 0.002
498211 0.004
498212 0.0
498213 -0.004
498214 0.002
498215 0.006
498216 0.006
498217 0.0
498218 -0.002
498219 0.006
498220 0.004
498221 -0.006
498222 -0.004
498223 0.002
498224 -0.002
498225 -0.012
498226 -0.006
498227 0.0
498228 -0.01
498229 -0.014
498230 -0.006
498231 -0.008
498232 -0.018
498233 -0.01
498234 -0.006
498235 -0.016
498236 -0.014
498237 -0.008
498238 -0.018
498239 -0.018
498240 -0.008
498241 -0.016
498242 -0.016
498243 -0.002
498244 -0.014
498245 -0.014
498246 -0.004
498247 -0.016
498248 -0.008
498249 0.0
498250 -0.012
498251 -0.002
498252 -0.004
498253 -0.012
498254 0.006
498255 -0.002
498256 -0.002
498257 0.004
498258 -0.008
498259 0.01
498260 0.004
498261 -0.004
498262 0.012
498263 -0.004
498264 0.01
498265 0.006
498266 -0.006
498267 0.014
498268 -0.006
498269 0.004
498270 -0.002
498271 -0.004
498272 0.006
498273 -0.012
498274 0.008
498275 -0.01
498276 0.0
498277 -0.004
498278 -0.006
498279 0.004
498280 -0.014
498281 0.006
498282 -0.018
498283 0.004
498284 -0.014
498285 0.0
498286 -0.01
498287 -0.01
498288 -0.002
498289 -0.016
498290 0.002
498291 -0.02
498292 0.006
498293 -0.02
498294 0.006
498295 -0.018
498296 0.006
498297 -0.016
498298 0.006
498299 -0.016
498300 0.006
498301 -0.01
498302 0.01
498303 -0.008
498304 0.016
498305 -0.008
498306 0.022
498307 -0.004
498308 0.026
498309 -0.002
498310 0.03
498311 0.002
498312 0.034
498313 0.01
498314 0.034
498315 0.02
498316 0.028
498317 0.034
498318 0.02
498319 0.046
498320 0.014
498321 0.05
498322 0.016
498323 0.044
498324 0.03
498325 0.03
498326 0.046
498327 0.014
498328 0.052
498329 0.014
498330 0.038
498331 0.036
498332 0.01
498333 0.05
498334 0.004
498335 0.036
498336 0.028
498337 -0.008
498338 0.044
498339 0.002
498340 0.006
498341 0.038
498342 -0.02
498343 0.026
498344 0.018
498345 -0.03
498346 0.036
498347 -0.002
498348 -0.022
498349 0.046
498350 -0.02
498351 -0.014
498352 0.052
498353 -0.024
498354 0.002
498355 0.06
498356 -0.018
498357 0.014
498358 0.07
498359 -0.006
498360 0.026
498361 0.086
498362 0.014
498363 0.028
498364 0.098
498365 0.042
498366 0.03
498367 0.106
498368 0.074
498369 0.034
498370 0.102
498371 0.104
498372 0.054
498373 0.072
498374 0.11
498375 0.076
498376 0.058
498377 0.096
498378 0.094
498379 0.058
498380 0.066
498381 0.086
498382 0.068
498383 0.042
498384 0.056
498385 0.064
498386 0.036
498387 0.018
498388 0.028
498389 0.028
498390 0.004
498391 -0.012
498392 -0.01
498393 -0.012
498394 -0.024
498395 -0.04
498396 -0.048
498397 -0.05
498398 -0.056
498399 -0.062
498400 -0.076
498401 -0.084
498402 -0.086
498403 -0.088
498404 -0.096
498405 -0.104
498406 -0.11
498407 -0.108
498408 -0.108
498409 -0.11
498410 -0.116
498411 -0.12
498412 -0.118
498413 -0.114
498414 -0.114
498415 -0.114
498416 -0.118
498417 -0.118
498418 -0.112
498419 -0.108
498420 -0.102
498421 -0.104
498422 -0.102
498423 -0.1
498424 -0.098
498425 -0.092
498426 -0.086
498427 -0.082
498428 -0.076
498429 -0.072
498430 -0.072
498431 -0.066
498432 -0.062
498433 -0.056
498434 -0.05
498435 -0.046
498436 -0.044
498437 -0.038
498438 -0.036
498439 -0.034
498440 -0.03
498441 -0.028
498442 -0.024
498443 -0.02
498444 -0.018
498445 -0.016
498446 -0.014
498447 -0.012
498448 -0.01
498449 -0.01
498450 -0.01
498451 -0.006
498452 -0.006
498453 -0.008
498454 -0.004
498455 -0.004
498456 -0.004
498457 -0.004
498458 -0.004
498459 -0.004
498460 -0.002
498461 0.0
498462 0.0
498463 0.0
498464 0.002
498465 0.004
498466 0.004
498467 0.002
498468 0.006
498469 0.008
498470 0.006
498471 0.006
498472 0.008
498473 0.006
498474 0.006
498475 0.006
498476 0.008
498477 0.01
498478 0.01
498479 0.008
498480 0.014
498481 0.012
498482 0.012
498483 0.016
498484 0.012
498485 0.012
498486 0.008
498487 0.016
498488 0.012
498489 0.012
498490 0.014
498491 0.006
498492 0.01
498493 0.012
498494 0.008
498495 0.008
498496 0.008
498497 0.006
498498 0.004
498499 0.004
498500 0.002
498501 0.002
498502 0.002
498503 0.002
498504 0.006
498505 0.006
498506 0.004
498507 0.0
498508 0.002
498509 0.002
498510 0.004
498511 0.006
498512 0.008
498513 0.008
498514 0.006
498515 0.004
498516 0.008
498517 0.006
498518 0.006
498519 0.008
498520 0.008
498521 0.008
498522 0.012
498523 0.01
498524 0.012
498525 0.01
498526 0.01
498527 0.01
498528 0.01
498529 0.008
498530 0.01
498531 0.008
498532 0.01
498533 0.012
498534 0.008
498535 0.008
498536 0.012
498537 0.006
498538 0.004
498539 0.008
498540 0.008
498541 0.004
498542 0.008
498543 0.008
498544 0.002
498545 0.002
498546 0.012
498547 0.008
498548 0.004
498549 0.01
498550 0.012
498551 0.01
498552 0.012
498553 0.012
498554 0.01
498555 0.016
498556 0.01
498557 0.01
498558 0.022
498559 0.034
498560 0.03
498561 0.024
498562 0.026
498563 0.034
498564 0.034
498565 0.026
498566 0.03
498567 0.04
498568 0.036
498569 0.032
498570 0.034
498571 0.038
498572 0.038
498573 0.036
498574 0.042
498575 0.04
498576 0.034
498577 0.034
498578 0.044
498579 0.036
498580 0.034
498581 0.034
498582 0.032
498583 0.028
498584 0.028
498585 0.03
498586 0.028
498587 0.022
498588 0.022
498589 0.022
498590 0.02
498591 0.018
498592 0.02
498593 0.02
498594 0.018
498595 0.016
498596 0.014
498597 0.014
498598 0.012
498599 0.012
498600 0.01
498601 0.008
498602 0.006
498603 0.004
498604 0.006
498605 0.004
498606 -0.002
498607 0.006
498608 -0.002
498609 0.0
498610 -0.002
498611 -0.01
498612 -0.008
498613 -0.006
498614 -0.006
498615 -0.006
498616 -0.01
498617 -0.008
498618 -0.004
498619 -0.006
498620 -0.01
498621 -0.012
498622 -0.01
498623 -0.006
498624 -0.016
498625 -0.016
498626 -0.014
498627 -0.01
498628 -0.014
498629 -0.014
498630 -0.018
498631 -0.016
498632 -0.014
498633 -0.014
498634 -0.018
498635 -0.02
498636 -0.012
498637 -0.016
498638 -0.018
498639 -0.014
498640 -0.008
498641 -0.014
498642 -0.016
498643 -0.01
498644 -0.006
498645 -0.008
498646 -0.01
498647 -0.008
498648 -0.004
498649 0.002
498650 0.004
498651 0.002
498652 -0.002
498653 -0.002
498654 0.004
498655 0.008
498656 0.012
498657 0.01
498658 0.006
498659 0.002
498660 0.006
498661 0.016
498662 0.014
498663 0.014
498664 0.014
498665 0.014
498666 0.012
498667 0.01
498668 0.012
498669 0.018
498670 0.02
498671 0.012
498672 0.016
498673 0.014
498674 0.008
498675 0.014
498676 0.008
498677 0.01
498678 0.016
498679 0.012
498680 0.004
498681 0.004
498682 0.002
498683 0.002
498684 0.006
498685 0.006
498686 0.0
498687 -0.002
498688 -0.004
498689 -0.008
498690 -0.01
498691 -0.01
498692 -0.012
498693 -0.01
498694 -0.006
498695 -0.016
498696 -0.014
498697 -0.018
498698 -0.018
498699 -0.018
498700 -0.022
498701 -0.022
498702 -0.022
498703 -0.018
498704 -0.022
498705 -0.018
498706 -0.018
498707 -0.018
498708 -0.018
498709 -0.02
498710 -0.018
498711 -0.018
498712 -0.02
498713 -0.014
498714 -0.014
498715 -0.016
498716 -0.014
498717 -0.014
498718 -0.012
498719 -0.01
498720 -0.01
498721 -0.01
498722 -0.006
498723 -0.008
498724 -0.006
498725 -0.006
498726 -0.008
498727 -0.01
498728 -0.006
498729 -0.01
498730 -0.008
498731 -0.006
498732 -0.004
498733 -0.006
498734 -0.002
498735 -0.002
498736 0.0
498737 0.002
498738 0.0
498739 0.002
498740 0.004
498741 0.004
498742 0.006
498743 0.006
498744 0.006
498745 0.002
498746 0.004
498747 0.016
498748 0.0
498749 0.006
498750 0.008
498751 0.004
498752 0.002
498753 0.01
498754 0.004
498755 0.004
498756 0.004
498757 0.004
498758 0.002
498759 0.002
498760 0.002
498761 0.002
498762 0.002
498763 0.002
498764 0.002
498765 0.002
498766 0.004
498767 0.002
498768 0.004
498769 0.004
498770 0.004
498771 0.004
498772 0.004
498773 0.008
498774 0.006
498775 0.006
498776 0.008
498777 0.004
498778 0.01
498779 0.006
498780 0.008
498781 0.008
498782 0.008
498783 0.004
498784 0.01
498785 0.01
498786 0.008
498787 0.006
498788 0.012
498789 0.01
498790 0.01
498791 0.008
498792 0.008
498793 0.008
498794 0.006
498795 0.004
498796 0.004
498797 0.006
498798 0.002
498799 0.0
498800 0.0
498801 -0.002
498802 -0.004
498803 -0.004
498804 -0.006
498805 -0.006
498806 -0.008
498807 -0.01
498808 -0.008
498809 -0.008
498810 -0.01
498811 -0.012
498812 -0.01
498813 -0.006
498814 -0.01
498815 -0.006
498816 -0.004
498817 -0.006
498818 -0.004
498819 -0.004
498820 -0.002
498821 0.002
498822 0.0
498823 0.004
498824 0.004
498825 0.002
498826 0.006
498827 0.008
498828 0.006
498829 0.004
498830 0.008
498831 0.008
498832 0.008
498833 0.01
498834 0.014
498835 0.012
498836 0.012
498837 0.016
498838 0.014
498839 0.014
498840 0.014
498841 0.016
498842 0.016
498843 0.014
498844 0.014
498845 0.016
498846 0.018
498847 0.014
498848 0.012
498849 0.016
498850 0.014
498851 0.014
498852 0.012
498853 0.014
498854 0.014
498855 0.01
498856 0.012
498857 0.012
498858 0.01
498859 0.008
498860 0.008
498861 0.008
498862 0.006
498863 0.004
498864 0.008
498865 0.002
498866 0.004
498867 0.008
498868 0.0
498869 0.004
498870 0.004
498871 0.0
498872 0.0
498873 0.002
498874 0.0
498875 0.0
498876 -0.002
498877 -0.002
498878 -0.002
498879 -0.002
498880 0.0
498881 -0.006
498882 -0.002
498883 -0.002
498884 -0.002
498885 -0.004
498886 -0.006
498887 -0.002
498888 -0.002
498889 -0.006
498890 -0.006
498891 -0.006
498892 -0.006
498893 -0.006
498894 -0.008
498895 -0.006
498896 -0.004
498897 -0.006
498898 -0.008
498899 -0.004
498900 -0.004
498901 -0.006
498902 -0.004
498903 -0.004
498904 -0.002
498905 0.0
498906 0.0
498907 -0.002
498908 0.002
498909 0.002
498910 0.0
498911 0.002
498912 0.0
498913 0.004
498914 0.004
498915 0.0
498916 0.002
498917 0.002
498918 -0.004
498919 0.0
498920 0.0
498921 -0.002
498922 -0.004
498923 -0.002
498924 -0.006
498925 -0.006
498926 -0.004
498927 -0.006
498928 -0.004
498929 -0.004
498930 -0.01
498931 -0.008
498932 -0.008
498933 -0.006
498934 -0.006
498935 -0.004
498936 -0.004
498937 -0.002
498938 -0.004
498939 -0.004
498940 -0.004
498941 0.0
498942 0.002
498943 -0.002
498944 0.002
498945 0.004
498946 0.006
498947 0.008
498948 0.004
498949 0.01
498950 0.01
498951 0.008
498952 0.01
498953 0.01
498954 0.01
498955 0.012
498956 0.012
498957 0.014
498958 0.01
498959 0.008
498960 0.014
498961 0.008
498962 0.01
498963 0.012
498964 0.01
498965 0.008
498966 0.01
498967 0.008
498968 0.01
498969 0.01
498970 0.008
498971 0.008
498972 0.008
498973 0.01
498974 0.01
498975 0.008
498976 0.012
498977 0.012
498978 0.004
498979 0.008
498980 0.012
498981 0.01
498982 0.008
498983 0.01
498984 0.006
498985 0.006
498986 0.006
498987 0.008
498988 0.008
498989 0.01
498990 0.006
498991 0.002
498992 0.006
498993 0.002
498994 0.0
498995 0.004
498996 0.0
498997 -0.002
498998 0.0
498999 -0.004
499000 -0.01
499001 -0.008
499002 -0.004
499003 -0.004
499004 -0.002
499005 -0.004
499006 -0.006
499007 -0.004
499008 -0.004
499009 -0.006
499010 -0.006
499011 -0.002
499012 -0.006
499013 -0.002
499014 -0.002
499015 -0.002
499016 0.006
499017 0.0
499018 0.0
499019 0.004
499020 0.002
499021 0.002
499022 0.004
499023 0.006
499024 0.008
499025 0.008
499026 0.01
499027 0.012
499028 0.01
499029 0.008
499030 0.01
499031 0.006
499032 0.008
499033 0.012
499034 0.01
499035 0.01
499036 0.01
499037 0.004
499038 0.01
499039 0.004
499040 0.004
499041 0.004
499042 0.006
499043 0.006
499044 0.004
499045 0.004
499046 0.004
499047 0.0
499048 0.002
499049 0.002
499050 -0.002
499051 0.0
499052 0.0
499053 -0.002
499054 0.0
499055 0.006
499056 0.002
499057 0.0
499058 0.002
499059 0.0
499060 0.0
499061 0.0
499062 0.002
499063 0.002
499064 0.0
499065 0.0
499066 0.0
499067 0.002
499068 0.0
499069 0.002
499070 -0.002
499071 -0.002
499072 -0.004
499073 -0.002
499074 -0.004
499075 -0.002
499076 -0.004
499077 -0.004
499078 0.0
499079 -0.002
499080 -0.004
499081 -0.002
499082 0.002
499083 -0.002
499084 0.0
499085 0.002
499086 0.002
499087 0.0
499088 0.004
499089 0.002
499090 0.002
499091 0.004
499092 0.004
499093 0.002
499094 0.004
499095 0.004
499096 0.006
499097 0.006
499098 0.006
499099 0.006
499100 0.008
499101 0.006
499102 0.004
499103 0.01
499104 0.008
499105 0.01
499106 0.01
499107 0.01
499108 0.006
499109 0.01
499110 0.006
499111 0.012
499112 0.01
499113 0.008
499114 0.008
499115 0.01
499116 0.012
499117 0.01
499118 0.01
499119 0.014
499120 0.01
499121 0.01
499122 0.012
499123 0.012
499124 0.008
499125 0.01
499126 0.01
499127 0.008
499128 0.01
499129 0.006
499130 0.01
499131 0.008
499132 0.006
499133 0.006
499134 0.01
499135 0.008
499136 0.01
499137 0.01
499138 0.006
499139 0.004
499140 0.004
499141 0.006
499142 0.004
499143 0.006
499144 0.006
499145 0.004
499146 0.006
499147 0.004
499148 0.0
499149 0.004
499150 0.0
499151 0.0
499152 0.002
499153 0.0
499154 0.0
499155 0.002
499156 0.0
499157 0.0
499158 0.002
499159 0.006
499160 0.004
499161 0.006
499162 0.008
499163 0.008
499164 0.006
499165 0.012
499166 0.01
499167 0.01
499168 0.014
499169 0.016
499170 0.016
499171 0.016
499172 0.016
499173 0.016
499174 0.016
499175 0.016
499176 0.014
499177 0.012
499178 0.014
499179 0.012
499180 0.014
499181 0.012
499182 0.008
499183 0.012
499184 0.006
499185 0.004
499186 0.01
499187 0.004
499188 0.004
499189 0.006
499190 0.0
499191 0.002
499192 0.0
499193 -0.002
499194 0.0
499195 -0.002
499196 -0.004
499197 -0.004
499198 -0.006
499199 -0.006
499200 -0.002
499201 -0.002
499202 -0.004
499203 -0.004
499204 -0.002
499205 -0.002
499206 -0.004
499207 -0.004
499208 -0.004
499209 -0.006
499210 -0.006
499211 0.0
499212 0.0
499213 0.0
499214 0.008
499215 0.002
499216 0.016
499217 0.006
499218 0.006
499219 0.012
499220 0.008
499221 0.01
499222 0.014
499223 0.014
499224 0.012
499225 0.016
499226 0.016
499227 0.012
499228 0.006
499229 0.012
499230 0.01
499231 0.016
499232 0.012
499233 0.012
499234 0.012
499235 0.006
499236 0.008
499237 0.0
499238 0.002
499239 -0.002
499240 -0.004
499241 -0.002
499242 -0.008
499243 -0.006
499244 -0.01
499245 -0.01
499246 -0.016
499247 -0.016
499248 -0.016
499249 -0.014
499250 -0.024
499251 -0.022
499252 -0.018
499253 -0.026
499254 -0.02
499255 -0.022
499256 -0.024
499257 -0.02
499258 -0.022
499259 -0.022
499260 -0.022
499261 -0.012
499262 -0.024
499263 -0.014
499264 -0.018
499265 -0.01
499266 -0.022
499267 -0.006
499268 -0.018
499269 -0.014
499270 -0.018
499271 -0.004
499272 -0.02
499273 -0.012
499274 -0.018
499275 -0.008
499276 -0.024
499277 -0.014
499278 -0.02
499279 -0.016
499280 -0.022
499281 -0.014
499282 -0.014
499283 -0.022
499284 -0.012
499285 -0.022
499286 -0.02
499287 -0.018
499288 -0.024
499289 -0.016
499290 -0.024
499291 -0.024
499292 -0.024
499293 -0.028
499294 -0.022
499295 -0.028
499296 -0.026
499297 -0.022
499298 -0.03
499299 -0.026
499300 -0.026
499301 -0.036
499302 -0.022
499303 -0.03
499304 -0.032
499305 -0.028
499306 -0.032
499307 -0.032
499308 -0.024
499309 -0.03
499310 -0.03
499311 -0.022
499312 -0.03
499313 -0.026
499314 -0.02
499315 -0.028
499316 -0.026
499317 -0.016
499318 -0.024
499319 -0.02
499320 -0.012
499321 -0.02
499322 -0.016
499323 0.004
499324 -0.012
499325 -0.014
499326 -0.004
499327 0.006
499328 0.0
499329 0.002
499330 0.018
499331 0.008
499332 0.008
499333 0.024
499334 0.024
499335 0.01
499336 0.028
499337 0.03
499338 0.022
499339 0.024
499340 0.038
499341 0.032
499342 0.026
499343 0.04
499344 0.04
499345 0.03
499346 0.024
499347 0.038
499348 0.058
499349 0.054
499350 0.052
499351 0.05
499352 0.022
499353 0.01
499354 0.008
499355 0.01
499356 0.014
499357 0.026
499358 0.038
499359 0.042
499360 0.036
499361 0.02
499362 0.012
499363 -0.002
499364 0.004
499365 0.0
499366 0.004
499367 0.004
499368 0.002
499369 -0.002
499370 -0.012
499371 -0.016
499372 -0.026
499373 -0.028
499374 -0.034
499375 -0.03
499376 -0.032
499377 -0.032
499378 -0.03
499379 -0.034
499380 -0.032
499381 -0.046
499382 -0.032
499383 -0.04
499384 -0.038
499385 -0.038
499386 -0.034
499387 -0.036
499388 -0.034
499389 -0.036
499390 -0.032
499391 -0.034
499392 -0.03
499393 -0.03
499394 -0.032
499395 -0.032
499396 -0.03
499397 -0.028
499398 -0.028
499399 -0.032
499400 -0.028
499401 -0.028
499402 -0.028
499403 -0.026
499404 -0.024
499405 -0.022
499406 -0.022
499407 -0.018
499408 -0.018
499409 -0.016
499410 -0.016
499411 -0.008
499412 -0.012
499413 -0.012
499414 -0.01
499415 -0.006
499416 -0.006
499417 -0.008
499418 -0.004
499419 0.0
499420 0.006
499421 0.002
499422 0.004
499423 0.006
499424 0.004
499425 0.004
499426 0.002
499427 0.004
499428 0.002
499429 0.004
499430 0.002
499431 0.004
499432 -0.002
499433 -0.002
499434 -0.004
499435 -0.006
499436 -0.006
499437 -0.006
499438 0.0
499439 -0.01
499440 -0.01
499441 -0.012
499442 -0.01
499443 -0.008
499444 -0.008
499445 -0.008
499446 -0.006
499447 -0.006
499448 -0.002
499449 -0.002
499450 0.004
499451 0.006
499452 0.008
499453 0.012
499454 0.012
499455 0.016
499456 0.018
499457 0.018
499458 0.022
499459 0.022
499460 0.022
499461 0.026
499462 0.026
499463 0.028
499464 0.028
499465 0.028
499466 0.028
499467 0.032
499468 0.032
499469 0.03
499470 0.032
499471 0.032
499472 0.032
499473 0.032
499474 0.032
499475 0.034
499476 0.036
499477 0.034
499478 0.034
499479 0.032
499480 0.03
499481 0.032
499482 0.03
499483 0.03
499484 0.028
499485 0.028
499486 0.028
499487 0.024
499488 0.024
499489 0.022
499490 0.018
499491 0.018
499492 0.016
499493 0.014
499494 0.014
499495 0.014
499496 0.01
499497 0.008
499498 0.008
499499 0.004
499500 0.002
499501 0.006
499502 0.002
499503 -0.002
499504 0.002
499505 0.002
499506 -0.002
499507 0.0
499508 0.0
499509 -0.004
499510 -0.004
499511 -0.004
499512 -0.004
499513 -0.006
499514 -0.004
499515 -0.004
499516 -0.004
499517 -0.006
499518 -0.004
499519 -0.008
499520 -0.008
499521 -0.008
499522 -0.006
499523 -0.004
499524 -0.006
499525 -0.008
499526 -0.008
499527 -0.002
499528 -0.002
499529 -0.01
499530 -0.006
499531 0.002
499532 -0.004
499533 -0.006
499534 0.004
499535 0.0
499536 -0.008
499537 0.002
499538 0.004
499539 -0.006
499540 0.002
499541 0.006
499542 -0.004
499543 0.008
499544 0.006
499545 -0.002
499546 0.01
499547 0.0
499548 -0.002
499549 0.014
499550 -0.004
499551 0.012
499552 0.008
499553 0.004
499554 0.018
499555 0.0
499556 0.014
499557 0.004
499558 0.008
499559 0.012
499560 0.0
499561 0.016
499562 -0.002
499563 0.018
499564 -0.006
499565 0.012
499566 0.0
499567 0.012
499568 -0.002
499569 0.004
499570 0.004
499571 0.0
499572 -0.002
499573 -0.002
499574 0.0
499575 -0.004
499576 -0.006
499577 0.002
499578 -0.008
499579 0.002
499580 -0.01
499581 0.008
499582 -0.016
499583 0.01
499584 -0.016
499585 0.006
499586 -0.012
499587 0.004
499588 -0.006
499589 -0.004
499590 0.006
499591 -0.016
499592 0.014
499593 -0.008
499594 -0.002
499595 0.01
499596 -0.012
499597 0.014
499598 0.0
499599 -0.002
499600 0.014
499601 -0.006
499602 0.008
499603 0.018
499604 -0.006
499605 0.016
499606 0.018
499607 0.0
499608 0.014
499609 0.026
499610 0.008
499611 0.01
499612 0.034
499613 0.024
499614 0.008
499615 0.028
499616 0.048
499617 0.026
499618 0.02
499619 0.05
499620 0.052
499621 0.036
499622 0.032
499623 0.066
499624 0.064
499625 0.05
499626 0.052
499627 0.064
499628 0.082
499629 0.07
499630 0.062
499631 0.066
499632 0.076
499633 0.076
499634 0.068
499635 0.064
499636 0.056
499637 0.064
499638 0.062
499639 0.054
499640 0.042
499641 0.038
499642 0.036
499643 0.026
499644 0.026
499645 0.02
499646 0.012
499647 0.006
499648 0.0
499649 -0.008
499650 -0.014
499651 -0.018
499652 -0.028
499653 -0.028
499654 -0.036
499655 -0.038
499656 -0.042
499657 -0.046
499658 -0.05
499659 -0.054
499660 -0.06
499661 -0.062
499662 -0.066
499663 -0.066
499664 -0.066
499665 -0.068
499666 -0.066
499667 -0.068
499668 -0.064
499669 -0.062
499670 -0.066
499671 -0.064
499672 -0.062
499673 -0.062
499674 -0.064
499675 -0.058
499676 -0.058
499677 -0.058
499678 -0.056
499679 -0.052
499680 -0.058
499681 -0.05
499682 -0.05
499683 -0.05
499684 -0.048
499685 -0.042
499686 -0.042
499687 -0.042
499688 -0.036
499689 -0.03
499690 -0.032
499691 -0.03
499692 -0.024
499693 -0.026
499694 -0.026
499695 -0.016
499696 -0.016
499697 -0.012
499698 -0.004
499699 0.0
499700 -0.006
499701 -0.006
499702 0.002
499703 0.0
499704 0.01
499705 0.012
499706 0.008
499707 0.012
499708 0.014
499709 0.024
499710 0.016
499711 0.014
499712 0.022
499713 0.024
499714 0.018
499715 0.016
499716 0.026
499717 0.022
499718 0.016
499719 0.022
499720 0.024
499721 0.022
499722 0.022
499723 0.018
499724 0.02
499725 0.02
499726 0.018
499727 0.02
499728 0.014
499729 0.012
499730 0.018
499731 0.01
499732 0.012
499733 0.008
499734 0.004
499735 0.008
499736 0.008
499737 0.006
499738 0.004
499739 0.006
499740 0.006
499741 0.0
499742 0.002
499743 0.004
499744 0.012
499745 0.002
499746 0.002
499747 0.006
499748 0.01
499749 0.01
499750 0.006
499751 0.014
499752 0.016
499753 0.012
499754 0.012
499755 0.014
499756 0.018
499757 0.014
499758 0.01
499759 0.016
499760 0.014
499761 0.01
499762 0.014
499763 0.01
499764 0.012
499765 0.012
499766 0.008
499767 0.002
499768 0.0
499769 -0.002
499770 -0.002
499771 0.0
499772 -0.006
499773 -0.004
499774 -0.004
499775 -0.01
499776 -0.008
499777 -0.008
499778 -0.012
499779 -0.006
499780 -0.008
499781 -0.006
499782 -0.008
499783 -0.01
499784 -0.004
499785 -0.004
499786 -0.004
499787 0.002
499788 -0.002
499789 0.0
499790 0.002
499791 0.002
499792 0.004
499793 0.004
499794 0.008
499795 0.008
499796 0.01
499797 0.012
499798 0.01
499799 0.014
499800 0.012
499801 0.012
499802 0.014
499803 0.008
499804 0.008
499805 0.006
499806 0.008
499807 0.006
499808 0.002
499809 -0.002
499810 0.004
499811 0.0
499812 0.002
499813 0.0
499814 0.004
499815 -0.002
499816 -0.004
499817 0.002
499818 -0.006
499819 -0.006
499820 -0.002
499821 -0.008
499822 -0.01
499823 -0.01
499824 -0.012
499825 -0.008
499826 -0.01
499827 -0.012
499828 -0.01
499829 -0.012
499830 -0.012
499831 -0.012
499832 -0.012
499833 -0.014
499834 -0.008
499835 -0.014
499836 -0.014
499837 -0.008
499838 -0.008
499839 -0.008
499840 -0.002
499841 -0.002
499842 -0.006
499843 -0.008
499844 -0.004
499845 -0.008
499846 -0.01
499847 -0.006
499848 -0.006
499849 -0.004
499850 -0.002
499851 -0.002
499852 -0.004
499853 -0.004
499854 -0.002
499855 -0.004
499856 -0.006
499857 -0.004
499858 0.002
499859 -0.004
499860 -0.006
499861 0.0
499862 -0.002
499863 -0.002
499864 0.002
499865 0.002
499866 0.006
499867 0.008
499868 0.004
499869 0.006
499870 0.01
499871 0.008
499872 0.006
499873 0.012
499874 0.014
499875 0.012
499876 0.014
499877 0.012
499878 0.012
499879 0.016
499880 0.018
499881 0.016
499882 0.014
499883 0.016
499884 0.016
499885 0.014
499886 0.014
499887 0.016
499888 0.02
499889 0.018
499890 0.02
499891 0.018
499892 0.02
499893 0.018
499894 0.02
499895 0.022
499896 0.018
499897 0.018
499898 0.018
499899 0.014
499900 0.014
499901 0.014
499902 0.012
499903 0.012
499904 0.016
499905 0.014
499906 0.014
499907 0.02
499908 0.024
499909 0.03
499910 0.024
499911 0.008
499912 -0.004
499913 0.012
499914 -0.008
499915 0.006
499916 -0.018
499917 0.002
499918 -0.012
499919 -0.006
499920 0.0
499921 0.002
499922 0.0
499923 0.004
499924 0.006
499925 0.006
499926 0.002
499927 0.002
499928 -0.004
499929 -0.006
499930 -0.01
499931 -0.014
499932 -0.016
499933 -0.02
499934 -0.018
499935 -0.016
499936 -0.012
499937 -0.004
499938 0.0
499939 0.0
499940 -0.006
499941 -0.004
499942 -0.006
499943 -0.01
499944 -0.008
499945 -0.006
499946 -0.01
499947 -0.008
499948 -0.01
499949 -0.016
499950 -0.016
499951 -0.016
499952 -0.02
499953 -0.02
499954 -0.018
499955 -0.022
499956 -0.016
499957 -0.016
499958 -0.02
499959 -0.018
499960 -0.016
499961 -0.024
499962 -0.02
499963 -0.018
499964 -0.022
499965 -0.02
499966 -0.018
499967 -0.022
499968 -0.018
499969 -0.024
499970 -0.022
499971 -0.024
499972 -0.02
499973 -0.02
499974 -0.014
499975 -0.018
499976 -0.014
499977 -0.012
499978 -0.012
499979 -0.012
499980 -0.006
499981 -0.008
499982 -0.01
499983 -0.012
499984 -0.008
499985 -0.012
499986 -0.012
499987 -0.012
499988 -0.016
499989 -0.014
499990 -0.012
499991 -0.012
499992 -0.01
499993 -0.006
499994 -0.006
499995 -0.006
499996 -0.002
499997 0.0
499998 -0.004
499999 -0.008
500000 -0.006
500001 -0.01
500002 -0.01
500003 -0.006
500004 -0.002
500005 0.002
500006 0.004
500007 0.004
500008 0.006
500009 0.0
500010 -0.002
500011 0.002
500012 0.002
500013 0.002
500014 0.006
500015 0.006
500016 0.008
500017 0.012
500018 0.012
500019 0.018
500020 0.016
500021 0.016
500022 0.024
500023 0.026
500024 0.022
500025 0.022
500026 0.022
500027 0.016
500028 0.016
500029 0.018
500030 0.014
500031 0.008
500032 0.012
500033 0.014
500034 0.008
500035 0.012
500036 0.008
500037 0.002
500038 0.002
500039 -0.002
500040 -0.004
500041 -0.004
500042 -0.004
500043 -0.008
500044 -0.01
500045 -0.006
500046 -0.006
500047 -0.012
500048 -0.008
500049 -0.01
500050 -0.012
500051 -0.012
500052 -0.012
500053 -0.012
500054 -0.016
500055 -0.012
500056 -0.01
500057 -0.012
500058 -0.014
500059 -0.01
500060 -0.008
500061 -0.012
500062 -0.01
500063 -0.002
500064 -0.006
500065 -0.002
500066 0.0
500067 0.004
500068 0.004
500069 0.006
500070 0.012
500071 0.014
500072 0.012
500073 0.012
500074 0.018
500075 0.016
500076 0.018
500077 0.018
500078 0.016
500079 0.022
500080 0.022
500081 0.022
500082 0.024
500083 0.018
500084 0.02
500085 0.022
500086 0.022
500087 0.018
500088 0.018
500089 0.016
500090 0.018
500091 0.016
500092 0.018
500093 0.016
500094 0.016
500095 0.016
500096 0.014
500097 0.014
500098 0.014
500099 0.014
500100 0.014
500101 0.014
500102 0.014
500103 0.01
500104 0.014
500105 0.012
500106 0.012
500107 0.01
500108 0.008
500109 0.008
500110 0.004
500111 0.01
500112 0.008
500113 0.01
500114 0.01
500115 0.01
500116 0.008
500117 0.012
500118 0.012
500119 0.014
500120 0.014
500121 0.008
500122 0.006
500123 0.01
500124 0.012
500125 0.006
500126 0.004
500127 0.01
500128 0.01
500129 0.006
500130 0.008
500131 0.008
500132 0.002
500133 -0.002
500134 0.004
500135 0.0
500136 -0.002
500137 -0.002
500138 -0.002
500139 0.0
500140 -0.002
500141 0.0
500142 -0.006
500143 -0.004
500144 -0.006
500145 -0.002
500146 -0.002
500147 -0.002
500148 0.0
500149 0.0
500150 -0.002
500151 -0.004
500152 -0.002
500153 -0.002
500154 -0.004
500155 -0.002
500156 0.004
500157 0.004
500158 0.002
500159 0.004
500160 0.006
500161 0.006
500162 0.01
500163 0.012
500164 0.012
500165 0.006
500166 0.01
500167 0.014
500168 0.012
500169 0.01
500170 0.014
500171 0.016
500172 0.014
500173 0.016
500174 0.014
500175 0.012
500176 0.012
500177 0.012
500178 0.01
500179 0.014
500180 0.014
500181 0.014
500182 0.014
500183 0.01
500184 0.012
500185 0.014
500186 0.014
500187 0.012
500188 0.014
500189 0.014
500190 0.01
500191 0.016
500192 0.014
500193 0.012
500194 0.014
500195 0.012
500196 0.014
500197 0.014
500198 0.014
500199 0.008
500200 0.012
500201 0.006
500202 0.008
500203 0.006
500204 0.006
500205 0.004
500206 0.006
500207 0.004
500208 0.002
500209 0.0
500210 0.002
500211 -0.002
500212 -0.004
500213 -0.004
500214 -0.004
500215 -0.006
500216 -0.01
500217 -0.012
500218 -0.008
500219 -0.01
500220 -0.012
500221 -0.012
500222 -0.014
500223 -0.012
500224 -0.014
500225 -0.02
500226 -0.018
500227 -0.02
500228 -0.024
500229 -0.02
500230 -0.02
500231 -0.026
500232 -0.028
500233 -0.026
500234 -0.024
500235 -0.026
500236 -0.022
500237 -0.024
500238 -0.022
500239 -0.024
500240 -0.018
500241 -0.02
500242 -0.018
500243 -0.012
500244 -0.014
500245 -0.014
500246 -0.01
500247 -0.01
500248 -0.01
500249 -0.008
500250 -0.002
500251 -0.002
500252 -0.002
500253 0.002
500254 0.006
500255 0.008
500256 0.01
500257 0.014
500258 0.014
500259 0.018
500260 0.018
500261 0.02
500262 0.024
500263 0.022
500264 0.022
500265 0.026
500266 0.024
500267 0.022
500268 0.026
500269 0.022
500270 0.018
500271 0.022
500272 0.018
500273 0.014
500274 0.012
500275 0.012
500276 0.008
500277 0.004
500278 0.004
500279 0.004
500280 0.002
500281 -0.002
500282 -0.002
500283 -0.008
500284 -0.01
500285 -0.01
500286 -0.012
500287 -0.014
500288 -0.016
500289 -0.02
500290 -0.022
500291 -0.022
500292 -0.028
500293 -0.03
500294 -0.03
500295 -0.036
500296 -0.038
500297 -0.04
500298 -0.046
500299 -0.048
500300 -0.05
500301 -0.052
500302 -0.056
500303 -0.058
500304 -0.06
500305 -0.064
500306 -0.064
500307 -0.068
500308 -0.07
500309 -0.07
500310 -0.072
500311 -0.078
500312 -0.078
500313 -0.082
500314 -0.086
500315 -0.084
500316 -0.088
500317 -0.09
500318 -0.086
500319 -0.086
500320 -0.086
500321 -0.08
500322 -0.074
500323 -0.072
500324 -0.064
500325 -0.056
500326 -0.048
500327 -0.038
500328 -0.028
500329 -0.02
500330 -0.014
500331 0.002
500332 0.008
500333 0.014
500334 0.028
500335 0.036
500336 0.04
500337 0.05
500338 0.06
500339 0.064
500340 0.072
500341 0.076
500342 0.082
500343 0.084
500344 0.088
500345 0.09
500346 0.092
500347 0.094
500348 0.096
500349 0.094
500350 0.096
500351 0.094
500352 0.092
500353 0.09
500354 0.088
500355 0.084
500356 0.084
500357 0.08
500358 0.076
500359 0.074
500360 0.07
500361 0.068
500362 0.062
500363 0.058
500364 0.056
500365 0.052
500366 0.048
500367 0.042
500368 0.036
500369 0.036
500370 0.028
500371 0.036
500372 0.032
500373 0.03
500374 0.022
500375 0.022
500376 0.014
500377 0.016
500378 0.012
500379 0.008
500380 0.008
500381 0.002
500382 0.002
500383 0.004
500384 0.002
500385 0.004
500386 0.002
500387 0.004
500388 0.0
500389 0.004
500390 0.0
500391 -0.002
500392 -0.002
500393 -0.002
500394 -0.004
500395 -0.008
500396 -0.008
500397 -0.008
500398 -0.01
500399 -0.02
500400 -0.024
500401 -0.02
500402 -0.028
500403 -0.024
500404 -0.028
500405 -0.028
500406 -0.032
500407 -0.038
500408 -0.042
500409 -0.042
500410 -0.046
500411 -0.048
500412 -0.052
500413 -0.054
500414 -0.052
500415 -0.05
500416 -0.054
500417 -0.054
500418 -0.052
500419 -0.05
500420 -0.048
500421 -0.048
500422 -0.044
500423 -0.044
500424 -0.04
500425 -0.034
500426 -0.034
500427 -0.034
500428 -0.032
500429 -0.024
500430 -0.022
500431 -0.022
500432 -0.024
500433 -0.016
500434 -0.02
500435 -0.016
500436 -0.018
500437 -0.012
500438 -0.018
500439 -0.018
500440 -0.016
500441 -0.016
500442 -0.02
500443 -0.026
500444 -0.028
500445 -0.028
500446 -0.032
500447 -0.034
500448 -0.04
500449 -0.044
500450 -0.048
500451 -0.052
500452 -0.056
500453 -0.06
500454 -0.064
500455 -0.074
500456 -0.076
500457 -0.08
500458 -0.084
500459 -0.086
500460 -0.09
500461 -0.096
500462 -0.102
500463 -0.1
500464 -0.104
500465 -0.106
500466 -0.108
500467 -0.11
500468 -0.108
500469 -0.11
500470 -0.114
500471 -0.112
500472 -0.114
500473 -0.106
500474 -0.106
500475 -0.104
500476 -0.096
500477 -0.092
500478 -0.088
500479 -0.084
500480 -0.082
500481 -0.076
500482 -0.072
500483 -0.064
500484 -0.054
500485 -0.052
500486 -0.046
500487 -0.04
500488 -0.034
500489 -0.028
500490 -0.02
500491 -0.018
500492 -0.016
500493 -0.006
500494 0.002
500495 0.01
500496 0.01
500497 0.016
500498 0.014
500499 0.022
500500 0.02
500501 0.034
500502 0.034
500503 0.036
500504 0.036
500505 0.034
500506 0.036
500507 0.034
500508 0.036
500509 0.034
500510 0.034
500511 0.032
500512 0.034
500513 0.034
500514 0.034
500515 0.026
500516 0.03
500517 0.028
500518 0.03
500519 0.02
500520 0.026
500521 0.024
500522 0.024
500523 0.026
500524 0.028
500525 0.028
500526 0.026
500527 0.028
500528 0.026
500529 0.03
500530 0.03
500531 0.034
500532 0.032
500533 0.03
500534 0.034
500535 0.028
500536 0.03
500537 0.036
500538 0.022
500539 0.026
500540 0.022
500541 0.014
500542 0.01
500543 0.01
500544 0.008
500545 0.0
500546 0.002
500547 -0.004
500548 -0.008
500549 -0.012
500550 -0.01
500551 -0.022
500552 -0.02
500553 -0.02
500554 -0.028
500555 -0.028
500556 -0.026
500557 -0.028
500558 -0.024
500559 -0.028
500560 -0.024
500561 -0.022
500562 -0.024
500563 -0.022
500564 -0.02
500565 -0.014
500566 -0.014
500567 -0.012
500568 -0.01
500569 -0.006
500570 -0.002
500571 0.0
500572 0.006
500573 0.008
500574 0.008
500575 0.012
500576 0.016
500577 0.02
500578 0.024
500579 0.028
500580 0.032
500581 0.034
500582 0.036
500583 0.042
500584 0.048
500585 0.048
500586 0.048
500587 0.042
500588 0.044
500589 0.046
500590 0.046
500591 0.052
500592 0.056
500593 0.056
500594 0.05
500595 0.048
500596 0.048
500597 0.048
500598 0.044
500599 0.038
500600 0.036
500601 0.036
500602 0.034
500603 0.03
500604 0.026
500605 0.026
500606 0.02
500607 0.022
500608 0.018
500609 0.016
500610 0.014
500611 0.008
500612 0.01
500613 0.008
500614 0.006
500615 0.004
500616 0.002
500617 0.004
500618 -0.004
500619 -0.006
500620 -0.002
500621 -0.008
500622 -0.002
500623 -0.006
500624 -0.002
500625 -0.002
500626 -0.01
500627 -0.01
500628 -0.008
500629 -0.006
500630 -0.008
500631 -0.01
500632 -0.006
500633 0.0
500634 0.0
500635 -0.004
500636 -0.004
500637 -0.002
500638 0.002
500639 0.002
500640 0.006
500641 0.008
500642 0.006
500643 0.01
500644 0.016
500645 0.014
500646 0.014
500647 0.018
500648 0.016
500649 0.016
500650 0.016
500651 0.014
500652 0.016
500653 0.02
500654 0.016
500655 0.018
500656 0.022
500657 0.022
500658 0.022
500659 0.018
500660 0.024
500661 0.02
500662 0.02
500663 0.02
500664 0.02
500665 0.012
500666 0.014
500667 0.014
500668 0.014
500669 0.01
500670 0.016
500671 0.016
500672 0.016
500673 0.026
500674 0.026
500675 0.03
500676 0.036
500677 0.04
500678 0.04
500679 0.042
500680 0.046
500681 0.044
500682 0.048
500683 0.05
500684 0.05
500685 0.048
500686 0.05
500687 0.05
500688 0.048
500689 0.048
500690 0.046
500691 0.048
500692 0.042
500693 0.04
500694 0.038
500695 0.034
500696 0.032
500697 0.03
500698 0.026
500699 0.026
500700 0.02
500701 0.018
500702 0.016
500703 0.01
500704 0.008
500705 0.006
500706 0.002
500707 -0.002
500708 -0.004
500709 -0.008
500710 -0.012
500711 -0.014
500712 -0.014
500713 -0.018
500714 -0.02
500715 -0.022
500716 -0.026
500717 -0.024
500718 -0.026
500719 -0.026
500720 -0.026
500721 -0.028
500722 -0.028
500723 -0.028
500724 -0.028
500725 -0.028
500726 -0.024
500727 -0.024
500728 -0.022
500729 -0.022
500730 -0.022
500731 -0.018
500732 -0.016
500733 -0.016
500734 -0.014
500735 -0.008
500736 -0.006
500737 -0.004
500738 -0.006
500739 -0.002
500740 0.0
500741 0.0
500742 0.004
500743 0.002
500744 0.004
500745 0.006
500746 0.006
500747 0.006
500748 0.004
500749 0.004
500750 0.004
500751 0.004
500752 0.002
500753 0.002
500754 0.0
500755 0.002
500756 0.0
500757 0.0
500758 -0.002
500759 0.0
500760 -0.002
500761 -0.004
500762 -0.002
500763 -0.002
500764 -0.006
500765 -0.004
500766 -0.006
500767 -0.008
500768 -0.006
500769 -0.006
500770 -0.006
500771 -0.006
500772 -0.008
500773 -0.008
500774 -0.008
500775 -0.008
500776 -0.01
500777 -0.01
500778 -0.008
500779 -0.008
500780 -0.008
500781 -0.008
500782 -0.01
500783 -0.008
500784 -0.006
500785 -0.004
500786 -0.008
500787 -0.006
500788 -0.004
500789 -0.004
500790 -0.004
500791 -0.002
500792 0.002
500793 0.0
500794 0.0
500795 0.0
500796 0.002
500797 0.006
500798 0.002
500799 0.006
500800 0.006
500801 0.006
500802 0.008
500803 0.01
500804 0.008
500805 0.012
500806 0.01
500807 0.014
500808 0.014
500809 0.012
500810 0.008
500811 0.016
500812 0.018
500813 0.012
500814 0.014
500815 0.016
500816 0.016
500817 0.016
500818 0.016
500819 0.016
500820 0.016
500821 0.018
500822 0.014
500823 0.016
500824 0.014
500825 0.014
500826 0.01
500827 0.012
500828 0.01
500829 0.01
500830 0.006
500831 0.006
500832 0.004
500833 0.004
500834 0.002
500835 0.002
500836 0.0
500837 0.0
500838 -0.002
500839 0.0
500840 -0.004
500841 -0.006
500842 -0.004
500843 -0.006
500844 -0.008
500845 -0.006
500846 -0.01
500847 -0.01
500848 -0.012
500849 -0.01
500850 -0.01
500851 -0.012
500852 -0.014
500853 -0.014
500854 -0.014
500855 -0.014
500856 -0.016
500857 -0.016
500858 -0.014
500859 -0.014
500860 -0.016
500861 -0.016
500862 -0.016
500863 -0.014
500864 -0.012
500865 -0.016
500866 -0.018
500867 -0.016
500868 -0.016
500869 -0.016
500870 -0.018
500871 -0.018
500872 -0.018
500873 -0.018
500874 -0.018
500875 -0.02
500876 -0.018
500877 -0.018
500878 -0.018
500879 -0.018
500880 -0.018
500881 -0.018
500882 -0.016
500883 -0.016
500884 -0.016
500885 -0.018
500886 -0.016
500887 -0.018
500888 -0.016
500889 -0.016
500890 -0.014
500891 -0.014
500892 -0.016
500893 -0.014
500894 -0.014
500895 -0.012
500896 -0.012
500897 -0.01
500898 -0.008
500899 -0.008
500900 -0.008
500901 -0.006
500902 -0.004
500903 -0.004
500904 -0.006
500905 -0.004
500906 -0.002
500907 0.0
500908 0.0
500909 0.002
500910 0.002
500911 0.004
500912 0.006
500913 0.004
500914 0.006
500915 0.01
500916 0.006
500917 0.006
500918 0.01
500919 0.012
500920 0.01
500921 0.012
500922 0.018
500923 0.016
500924 0.014
500925 0.014
500926 0.012
500927 0.014
500928 0.02
500929 0.016
500930 0.014
500931 0.012
500932 0.012
500933 0.012
500934 0.012
500935 0.012
500936 0.01
500937 0.008
500938 0.012
500939 0.01
500940 0.008
500941 0.006
500942 0.004
500943 0.008
500944 0.004
500945 0.0
500946 0.002
500947 0.002
500948 -0.002
500949 -0.004
500950 0.0
500951 -0.004
500952 -0.004
500953 -0.006
500954 0.0
500955 -0.006
500956 -0.008
500957 -0.006
500958 -0.006
500959 -0.012
500960 -0.006
500961 -0.008
500962 -0.008
500963 -0.006
500964 -0.004
500965 -0.006
500966 0.002
500967 0.0
500968 -0.002
500969 -0.008
500970 0.008
500971 -0.004
500972 0.002
500973 0.002
500974 0.0
500975 0.002
500976 -0.006
500977 0.002
500978 -0.008
500979 0.002
500980 -0.002
500981 -0.008
500982 0.002
500983 -0.006
500984 0.0
500985 0.0
500986 -0.004
500987 -0.004
500988 -0.002
500989 -0.002
500990 -0.008
500991 0.0
500992 -0.008
500993 -0.012
500994 -0.002
500995 -0.008
500996 -0.006
500997 -0.012
500998 -0.004
500999 -0.01
501000 -0.008
501001 -0.01
501002 -0.008
501003 -0.004
501004 -0.008
501005 -0.006
501006 -0.006
501007 -0.008
501008 -0.006
501009 -0.008
501010 -0.006
501011 -0.006
501012 0.0
501013 -0.002
501014 0.002
501015 0.0
501016 0.004
501017 0.002
501018 0.002
501019 -0.002
501020 0.004
501021 0.004
501022 0.006
501023 0.002
501024 0.008
501025 0.008
501026 0.008
501027 0.012
501028 0.008
501029 0.02
501030 0.006
501031 0.01
501032 0.006
501033 0.008
501034 0.016
501035 0.008
501036 0.018
501037 0.012
501038 0.006
501039 0.016
501040 0.01
501041 0.016
501042 0.014
501043 0.002
501044 0.014
501045 0.008
501046 0.002
501047 0.01
501048 0.0
501049 0.0
501050 0.008
501051 0.008
501052 0.0
501053 0.008
501054 0.006
501055 0.002
501056 0.01
501057 0.012
501058 -0.004
501059 0.002
501060 0.018
501061 0.006
501062 -0.004
501063 0.01
501064 0.02
501065 0.014
501066 0.002
501067 0.008
501068 0.02
501069 0.012
501070 0.002
501071 0.002
501072 0.016
501073 0.022
501074 0.01
501075 0.002
501076 0.006
501077 0.012
501078 0.014
501079 0.014
501080 0.014
501081 0.0
501082 -0.002
501083 0.006
501084 0.016
501085 0.018
501086 0.016
501087 0.01
501088 0.006
501089 0.004
501090 0.004
501091 -0.002
501092 0.0
501093 0.01
501094 0.014
501095 0.014
501096 0.018
501097 0.018
501098 0.014
501099 0.016
501100 0.02
501101 0.016
501102 0.012
501103 0.016
501104 0.014
501105 0.012
501106 0.012
501107 0.014
501108 0.014
501109 0.012
501110 0.014
501111 0.024
501112 0.024
501113 0.022
501114 0.022
501115 0.02
501116 0.014
501117 0.01
501118 0.014
501119 0.026
501120 0.028
501121 0.014
501122 0.004
501123 0.014
501124 0.026
501125 0.02
501126 0.008
501127 0.006
501128 0.018
501129 0.014
501130 0.006
501131 0.004
501132 0.006
501133 0.002
501134 0.004
501135 -0.002
501136 -0.002
501137 -0.006
501138 -0.006
501139 -0.004
501140 -0.008
501141 -0.012
501142 -0.012
501143 -0.014
501144 -0.014
501145 -0.014
501146 -0.016
501147 -0.016
501148 -0.022
501149 -0.022
501150 -0.016
501151 -0.024
501152 -0.03
501153 -0.028
501154 -0.032
501155 -0.03
501156 -0.032
501157 -0.034
501158 -0.036
501159 -0.036
501160 -0.04
501161 -0.036
501162 -0.036
501163 -0.036
501164 -0.034
501165 -0.034
501166 -0.038
501167 -0.034
501168 -0.032
501169 -0.032
501170 -0.03
501171 -0.026
501172 -0.03
501173 -0.026
501174 -0.024
501175 -0.024
501176 -0.022
501177 -0.018
501178 -0.018
501179 -0.014
501180 -0.018
501181 -0.016
501182 -0.01
501183 -0.008
501184 -0.012
501185 -0.008
501186 -0.006
501187 -0.004
501188 -0.002
501189 0.0
501190 -0.002
501191 0.0
501192 0.002
501193 -0.002
501194 0.002
501195 0.002
501196 0.004
501197 0.002
501198 0.002
501199 0.004
501200 0.002
501201 0.002
501202 0.004
501203 0.002
501204 0.004
501205 0.004
501206 0.006
501207 0.008
501208 0.008
501209 0.01
501210 0.008
501211 0.008
501212 0.01
501213 0.006
501214 0.008
501215 0.008
501216 0.006
501217 0.008
501218 0.008
501219 0.01
501220 0.012
501221 0.014
501222 0.01
501223 0.01
501224 0.01
501225 0.01
501226 0.012
501227 0.01
501228 0.012
501229 0.01
501230 0.008
501231 0.01
501232 0.006
501233 0.006
501234 0.012
501235 0.004
501236 0.004
501237 0.008
501238 0.006
501239 0.004
501240 0.01
501241 0.008
501242 0.008
501243 0.014
501244 0.012
501245 0.01
501246 0.006
501247 0.008
501248 0.006
501249 0.01
501250 0.012
501251 0.008
501252 0.01
501253 0.008
501254 0.008
501255 0.012
501256 0.01
501257 0.004
501258 0.006
501259 0.01
501260 0.01
501261 0.008
501262 0.008
501263 0.01
501264 0.01
501265 0.01
501266 0.006
501267 0.01
501268 0.008
501269 0.008
501270 0.01
501271 0.012
501272 0.006
501273 0.004
501274 0.008
501275 0.01
501276 0.004
501277 0.004
501278 0.002
501279 0.002
501280 0.004
501281 0.004
501282 0.006
501283 0.006
501284 0.0
501285 0.0
501286 0.0
501287 0.002
501288 0.004
501289 0.004
501290 -0.002
501291 -0.006
501292 -0.004
501293 -0.004
501294 -0.004
501295 -0.006
501296 -0.008
501297 -0.004
501298 0.002
501299 0.0
501300 0.0
501301 0.0
501302 0.0
501303 -0.004
501304 -0.004
501305 0.002
501306 0.0
501307 0.002
501308 -0.002
501309 -0.004
501310 -0.002
501311 -0.002
501312 0.0
501313 -0.002
501314 -0.006
501315 -0.004
501316 0.004
501317 -0.002
501318 -0.002
501319 -0.012
501320 -0.01
501321 -0.004
501322 -0.006
501323 -0.008
501324 -0.01
501325 -0.012
501326 -0.016
501327 -0.016
501328 -0.018
501329 -0.022
501330 -0.018
501331 -0.014
501332 -0.016
501333 -0.02
501334 -0.016
501335 -0.014
501336 -0.008
501337 -0.01
501338 -0.014
501339 -0.008
501340 0.0
501341 0.0
501342 -0.008
501343 -0.006
501344 -0.004
501345 0.002
501346 -0.002
501347 -0.004
501348 -0.002
501349 0.01
501350 -0.008
501351 -0.004
501352 0.0
501353 -0.018
501354 -0.024
501355 -0.014
501356 -0.028
501357 -0.032
501358 -0.03
501359 -0.028
501360 -0.034
501361 -0.052
501362 -0.042
501363 -0.052
501364 -0.054
501365 -0.046
501366 -0.058
501367 -0.058
501368 -0.044
501369 -0.064
501370 -0.058
501371 -0.052
501372 -0.054
501373 -0.052
501374 -0.05
501375 -0.046
501376 -0.054
501377 -0.042
501378 -0.042
501379 -0.05
501380 -0.034
501381 -0.038
501382 -0.036
501383 -0.038
501384 -0.032
501385 -0.024
501386 -0.026
501387 -0.016
501388 -0.026
501389 -0.016
501390 -0.012
501391 -0.008
501392 -0.012
501393 -0.002
501394 0.0
501395 -0.004
501396 0.002
501397 -0.004
501398 0.008
501399 -0.002
501400 0.01
501401 0.0
501402 0.006
501403 0.002
501404 0.01
501405 0.004
501406 0.008
501407 0.008
501408 0.004
501409 0.008
501410 0.006
501411 0.008
501412 0.004
501413 0.012
501414 0.002
501415 0.008
501416 0.002
501417 0.01
501418 0.002
501419 0.008
501420 -0.004
501421 0.004
501422 0.006
501423 0.006
501424 0.004
501425 0.006
501426 0.004
501427 0.006
501428 0.006
501429 -0.004
501430 0.01
501431 -0.002
501432 0.008
501433 -0.004
501434 0.012
501435 -0.006
501436 0.014
501437 0.0
501438 0.012
501439 0.006
501440 0.004
501441 0.01
501442 0.002
501443 0.01
501444 -0.002
501445 0.008
501446 -0.002
501447 0.004
501448 0.002
501449 -0.002
501450 0.014
501451 -0.01
501452 0.01
501453 -0.008
501454 -0.004
501455 0.01
501456 -0.01
501457 0.01
501458 -0.002
501459 -0.002
501460 0.012
501461 -0.008
501462 0.014
501463 0.01
501464 -0.004
501465 0.014
501466 0.006
501467 0.002
501468 0.016
501469 0.008
501470 0.008
501471 0.028
501472 0.006
501473 0.016
501474 0.028
501475 0.002
501476 0.024
501477 0.03
501478 0.006
501479 0.03
501480 0.03
501481 0.014
501482 0.026
501483 0.034
501484 0.01
501485 0.03
501486 0.038
501487 0.01
501488 0.03
501489 0.036
501490 0.02
501491 0.026
501492 0.048
501493 0.022
501494 0.018
501495 0.046
501496 0.026
501497 0.02
501498 0.034
501499 0.034
501500 0.008
501501 0.018
501502 0.038
501503 0.014
501504 0.01
501505 0.028
501506 0.032
501507 0.006
501508 0.016
501509 0.028
501510 0.024
501511 0.006
501512 0.018
501513 0.026
501514 0.01
501515 0.016
501516 0.022
501517 0.022
501518 0.014
501519 0.024
501520 0.018
501521 0.024
501522 0.012
501523 0.024
501524 0.02
501525 0.014
501526 0.012
501527 0.024
501528 0.018
501529 0.008
501530 0.014
501531 0.02
501532 0.016
501533 0.006
501534 0.014
501535 0.012
501536 0.012
501537 0.004
501538 0.008
501539 -0.002
501540 0.004
501541 -0.004
501542 0.006
501543 -0.004
501544 0.0
501545 -0.012
501546 -0.008
501547 -0.01
501548 -0.01
501549 -0.016
501550 -0.008
501551 -0.014
501552 -0.014
501553 -0.02
501554 -0.01
501555 -0.014
501556 -0.012
501557 -0.016
501558 -0.01
501559 -0.01
501560 -0.012
501561 -0.018
501562 -0.008
501563 -0.012
501564 -0.02
501565 -0.008
501566 -0.012
501567 -0.02
501568 -0.006
501569 -0.01
501570 -0.018
501571 -0.004
501572 -0.006
501573 -0.01
501574 -0.004
501575 -0.002
501576 -0.004
501577 0.0
501578 -0.002
501579 0.0
501580 0.004
501581 0.0
501582 0.0
501583 -0.002
501584 0.006
501585 -0.002
501586 0.0
501587 0.004
501588 0.002
501589 0.0
501590 0.004
501591 0.004
501592 0.006
501593 0.006
501594 0.004
501595 0.004
501596 0.004
501597 0.006
501598 0.004
501599 0.0
501600 0.004
501601 0.002
501602 0.002
501603 0.002
501604 0.0
501605 -0.002
501606 -0.004
501607 -0.002
501608 -0.004
501609 -0.006
501610 -0.006
501611 -0.01
501612 -0.016
501613 -0.012
501614 -0.012
501615 -0.016
501616 -0.018
501617 -0.014
501618 -0.016
501619 -0.014
501620 -0.014
501621 -0.016
501622 -0.016
501623 -0.016
501624 -0.014
501625 -0.014
501626 -0.012
501627 -0.012
501628 -0.01
501629 -0.008
501630 -0.01
501631 -0.008
501632 -0.008
501633 -0.006
501634 -0.002
501635 -0.002
501636 -0.002
501637 0.004
501638 0.002
501639 0.002
501640 0.002
501641 0.002
501642 0.004
501643 0.004
501644 0.004
501645 0.008
501646 0.01
501647 0.008
501648 0.008
501649 0.006
501650 0.004
501651 0.004
501652 0.008
501653 0.008
501654 0.008
501655 0.006
501656 0.004
501657 0.002
501658 0.0
501659 0.0
501660 -0.002
501661 0.0
501662 0.0
501663 -0.002
501664 -0.002
501665 -0.002
501666 -0.002
501667 -0.004
501668 -0.004
501669 -0.004
501670 -0.004
501671 -0.004
501672 -0.004
501673 -0.006
501674 -0.006
501675 -0.004
501676 -0.002
501677 -0.004
501678 -0.004
501679 -0.006
501680 -0.006
501681 -0.008
501682 -0.002
501683 -0.006
501684 -0.008
501685 -0.008
501686 -0.006
501687 -0.006
501688 -0.008
501689 -0.008
501690 -0.004
501691 -0.008
501692 -0.006
501693 -0.012
501694 -0.002
501695 0.0
501696 -0.008
501697 -0.004
501698 0.0
501699 0.0
501700 0.008
501701 0.006
501702 0.01
501703 0.014
501704 0.02
501705 0.012
501706 0.016
501707 0.02
501708 0.018
501709 0.02
501710 0.022
501711 0.022
501712 0.024
501713 0.028
501714 0.024
501715 0.026
501716 0.026
501717 0.026
501718 0.026
501719 0.026
501720 0.024
501721 0.026
501722 0.022
501723 0.024
501724 0.022
501725 0.022
501726 0.02
501727 0.02
501728 0.016
501729 0.016
501730 0.016
501731 0.014
501732 0.012
501733 0.014
501734 0.01
501735 0.008
501736 0.004
501737 0.006
501738 0.006
501739 0.006
501740 0.004
501741 0.0
501742 -0.004
501743 -0.004
501744 -0.006
501745 -0.01
501746 -0.01
501747 -0.01
501748 -0.008
501749 -0.008
501750 -0.014
501751 -0.014
501752 -0.012
501753 -0.012
501754 -0.016
501755 -0.014
501756 -0.01
501757 -0.01
501758 -0.018
501759 -0.01
501760 -0.006
501761 -0.012
501762 0.004
501763 -0.002
501764 -0.004
501765 -0.002
501766 0.0
501767 0.004
501768 0.008
501769 0.01
501770 0.014
501771 0.02
501772 0.02
501773 0.016
501774 0.026
501775 0.026
501776 0.024
501777 0.024
501778 0.026
501779 0.026
501780 0.02
501781 0.02
501782 0.02
501783 0.018
501784 0.016
501785 0.016
501786 0.018
501787 0.012
501788 0.008
501789 0.004
501790 0.012
501791 0.004
501792 0.002
501793 0.002
501794 -0.002
501795 -0.008
501796 -0.008
501797 -0.014
501798 -0.014
501799 -0.014
501800 -0.014
501801 -0.022
501802 -0.022
501803 -0.018
501804 -0.018
501805 -0.024
501806 -0.026
501807 -0.022
501808 -0.028
501809 -0.028
501810 -0.028
501811 -0.028
501812 -0.022
501813 -0.028
501814 -0.028
501815 -0.028
501816 -0.028
501817 -0.028
501818 -0.028
501819 -0.028
501820 -0.028
501821 -0.024
501822 -0.022
501823 -0.028
501824 -0.028
501825 -0.026
501826 -0.024
501827 -0.024
501828 -0.014
501829 -0.026
501830 -0.024
501831 -0.022
501832 -0.022
501833 -0.028
501834 -0.024
501835 -0.018
501836 -0.016
501837 -0.018
501838 -0.014
501839 -0.012
501840 -0.01
501841 -0.008
501842 0.0
501843 -0.006
501844 -0.004
501845 -0.004
501846 -0.002
501847 -0.01
501848 -0.008
501849 -0.008
501850 -0.006
501851 -0.012
501852 -0.016
501853 -0.01
501854 -0.01
501855 -0.014
501856 -0.016
501857 -0.014
501858 -0.012
501859 -0.014
501860 -0.012
501861 -0.016
501862 -0.016
501863 -0.014
501864 -0.016
501865 -0.016
501866 -0.016
501867 -0.014
501868 -0.012
501869 -0.012
501870 -0.012
501871 -0.008
501872 -0.01
501873 -0.008
501874 -0.006
501875 -0.01
501876 0.0
501877 -0.002
501878 -0.002
501879 0.008
501880 0.006
501881 0.004
501882 0.006
501883 0.004
501884 0.012
501885 0.012
501886 0.01
501887 0.012
501888 0.018
501889 0.022
501890 0.018
501891 0.022
501892 0.026
501893 0.026
501894 0.024
501895 0.026
501896 0.024
501897 0.028
501898 0.028
501899 0.024
501900 0.02
501901 0.022
501902 0.026
501903 0.022
501904 0.022
501905 0.022
501906 0.022
501907 0.02
501908 0.02
501909 0.014
501910 0.014
501911 0.01
501912 0.008
501913 0.006
501914 0.006
501915 0.008
501916 0.006
501917 0.012
501918 0.01
501919 0.122
501920 0.152
501921 0.16
501922 0.162
501923 0.16
501924 0.252
501925 0.278
501926 0.278
501927 0.28
501928 0.254
501929 0.226
501930 0.2
501931 0.162
501932 0.138
501933 0.108
501934 0.082
501935 0.054
501936 0.032
501937 0.006
501938 -0.012
501939 -0.036
501940 -0.06
501941 -0.08
501942 -0.098
501943 -0.116
501944 -0.13
501945 -0.142
501946 -0.152
501947 -0.16
501948 -0.166
501949 -0.172
501950 -0.174
501951 -0.16
501952 -0.162
501953 -0.162
501954 -0.16
501955 -0.156
501956 -0.152
501957 -0.146
501958 -0.138
501959 -0.13
501960 -0.12
501961 -0.112
501962 -0.102
501963 -0.11
501964 -0.092
501965 -0.08
501966 -0.07
501967 -0.058
501968 -0.046
501969 -0.024
501970 -0.004
501971 0.014
501972 0.014
501973 0.026
501974 0.018
501975 0.022
501976 0.038
501977 0.028
501978 0.032
501979 0.038
501980 0.048
501981 0.08
501982 0.082
501983 0.082
501984 0.082
501985 0.078
501986 0.074
501987 0.086
501988 0.096
501989 0.126
501990 0.134
501991 0.132
501992 0.134
501993 0.14
501994 0.15
501995 0.156
501996 0.176
501997 0.184
501998 0.192
501999 0.202
502000 0.202
502001 0.206
502002 0.212
502003 0.214
502004 0.212
502005 0.214
502006 0.21
502007 0.206
502008 0.194
502009 0.188
502010 0.196
502011 0.21
502012 0.204
502013 0.192
502014 0.172
502015 0.152
502016 0.11
502017 0.062
502018 0.022
502019 -0.014
502020 -0.05
502021 -0.082
502022 -0.114
502023 -0.142
502024 -0.168
502025 -0.192
502026 -0.21
502027 -0.226
502028 -0.24
502029 -0.25
502030 -0.256
502031 -0.262
502032 -0.264
502033 -0.264
502034 -0.262
502035 -0.258
502036 -0.252
502037 -0.244
502038 -0.236
502039 -0.226
502040 -0.214
502041 -0.202
502042 -0.19
502043 -0.176
502044 -0.164
502045 -0.15
502046 -0.136
502047 -0.122
502048 -0.108
502049 -0.094
502050 -0.082
502051 -0.07
502052 -0.058
502053 -0.048
502054 -0.038
502055 -0.028
502056 -0.02
502057 -0.014
502058 -0.006
502059 -0.002
502060 0.004
502061 0.006
502062 0.01
502063 0.012
502064 0.014
502065 0.014
502066 0.016
502067 0.016
502068 0.016
502069 0.014
502070 0.014
502071 0.012
502072 0.01
502073 0.008
502074 0.008
502075 0.006
502076 0.004
502077 0.002
502078 0.0
502079 0.0
502080 -0.002
502081 -0.004
502082 -0.004
502083 -0.006
502084 -0.006
502085 -0.008
502086 -0.008
502087 -0.008
502088 -0.01
502089 -0.01
502090 -0.012
502091 -0.012
502092 -0.014
502093 -0.014
502094 -0.016
502095 -0.016
502096 -0.018
502097 -0.018
502098 -0.018
502099 -0.018
502100 -0.018
502101 -0.018
502102 -0.018
502103 -0.018
502104 -0.018
502105 -0.016
502106 -0.016
502107 -0.016
502108 -0.014
502109 -0.014
502110 -0.014
502111 -0.012
502112 -0.01
502113 -0.01
502114 -0.008
502115 -0.008
502116 -0.006
502117 -0.004
502118 -0.004
502119 -0.002
502120 -0.002
502121 0.0
502122 0.0
502123 0.0
502124 0.0
502125 0.0
502126 0.0
502127 0.0
502128 0.0
502129 0.0
502130 -0.002
502131 -0.002
502132 -0.002
502133 -0.004
502134 -0.004
502135 -0.004
502136 -0.004
502137 -0.004
502138 -0.004
502139 -0.004
502140 -0.004
502141 -0.004
502142 -0.004
502143 -0.002
502144 0.0
502145 0.0
502146 0.002
502147 0.004
502148 0.008
502149 0.01
502150 0.012
502151 0.014
502152 0.016
502153 0.018
502154 0.022
502155 0.024
502156 0.024
502157 0.026
502158 0.028
502159 0.028
502160 0.028
502161 0.028
502162 0.028
502163 0.028
502164 0.028
502165 0.026
502166 0.024
502167 0.022
502168 0.02
502169 0.016
502170 0.014
502171 0.01
502172 0.008
502173 0.004
502174 0.0
502175 -0.002
502176 -0.006
502177 -0.01
502178 -0.012
502179 -0.014
502180 -0.016
502181 -0.018
502182 -0.02
502183 -0.02
502184 -0.02
502185 -0.018
502186 -0.018
502187 -0.016
502188 -0.014
502189 -0.014
502190 -0.012
502191 -0.01
502192 -0.006
502193 -0.004
502194 -0.002
502195 0.0
502196 0.002
502197 0.004
502198 0.006
502199 0.01
502200 0.012
502201 0.014
502202 0.016
502203 0.018
502204 0.02
502205 0.022
502206 0.024
502207 0.026
502208 0.028
502209 0.03
502210 0.03
502211 0.032
502212 0.032
502213 0.034
502214 0.034
502215 0.034
502216 0.034
502217 0.036
502218 0.036
502219 0.036
502220 0.036
502221 0.034
502222 0.034
502223 0.032
502224 0.03
502225 0.028
502226 0.026
502227 0.026
502228 0.024
502229 0.022
502230 0.02
502231 0.018
502232 0.018
502233 0.016
502234 0.014
502235 0.014
502236 0.012
502237 0.01
502238 0.01
502239 0.01
502240 0.008
502241 0.008
502242 0.008
502243 0.008
502244 0.008
502245 0.008
502246 0.008
502247 0.008
502248 0.008
502249 0.008
502250 0.008
502251 0.008
502252 0.01
502253 0.01
502254 0.01
502255 0.01
502256 0.01
502257 0.008
502258 0.008
502259 0.006
502260 0.006
502261 0.004
502262 0.004
502263 0.002
502264 0.0
502265 -0.002
502266 -0.002
502267 -0.004
502268 -0.006
502269 -0.008
502270 -0.008
502271 -0.01
502272 -0.012
502273 -0.014
502274 -0.014
502275 -0.016
502276 -0.016
502277 -0.016
502278 -0.016
502279 -0.016
502280 -0.018
502281 -0.018
502282 -0.016
502283 -0.016
502284 -0.016
502285 -0.016
502286 -0.014
502287 -0.014
502288 -0.014
502289 -0.012
502290 -0.012
502291 -0.012
502292 -0.01
502293 -0.01
502294 -0.01
502295 -0.008
502296 -0.008
502297 -0.008
502298 -0.008
502299 -0.008
502300 -0.008
502301 -0.008
502302 -0.008
502303 -0.01
502304 -0.01
502305 -0.012
502306 -0.012
502307 -0.014
502308 -0.014
502309 -0.014
502310 -0.014
502311 -0.014
502312 -0.014
502313 -0.014
502314 -0.014
502315 -0.014
502316 -0.012
502317 -0.012
502318 -0.01
502319 -0.01
502320 -0.008
502321 -0.006
502322 -0.004
502323 -0.004
502324 -0.002
502325 0.0
502326 0.002
502327 0.004
502328 0.006
502329 0.008
502330 0.01
502331 0.01
502332 0.01
502333 0.012
502334 0.012
502335 0.012
502336 0.012
502337 0.012
502338 0.012
502339 0.01
502340 0.01
502341 0.008
502342 0.008
502343 0.006
502344 0.004
502345 0.004
502346 0.002
502347 0.0
502348 -0.002
502349 -0.004
502350 -0.006
502351 -0.006
502352 -0.008
502353 -0.01
502354 -0.01
502355 -0.012
502356 -0.014
502357 -0.014
502358 -0.014
502359 -0.016
502360 -0.016
502361 -0.018
502362 -0.018
502363 -0.018
502364 -0.02
502365 -0.02
502366 -0.02
502367 -0.02
502368 -0.02
502369 -0.02
502370 -0.018
502371 -0.018
502372 -0.018
502373 -0.016
502374 -0.016
502375 -0.016
502376 -0.014
502377 -0.012
502378 -0.012
502379 -0.01
502380 -0.008
502381 -0.006
502382 -0.004
502383 -0.002
502384 0.0
502385 0.002
502386 0.004
502387 0.008
502388 0.01
502389 0.012
502390 0.014
502391 0.016
502392 0.018
502393 0.02
502394 0.02
502395 0.022
502396 0.022
502397 0.024
502398 0.024
502399 0.024
502400 0.024
502401 0.024
502402 0.024
502403 0.024
502404 0.024
502405 0.024
502406 0.024
502407 0.024
502408 0.024
502409 0.024
502410 0.022
502411 0.022
502412 0.022
502413 0.02
502414 0.02
502415 0.018
502416 0.018
502417 0.016
502418 0.014
502419 0.012
502420 0.01
502421 0.008
502422 0.006
502423 0.002
502424 0.0
502425 -0.002
502426 -0.004
502427 -0.006
502428 -0.01
502429 -0.012
502430 -0.014
502431 -0.016
502432 -0.016
502433 -0.018
502434 -0.02
502435 -0.02
502436 -0.022
502437 -0.022
502438 -0.024
502439 -0.024
502440 -0.024
502441 -0.026
502442 -0.026
502443 -0.026
502444 -0.026
502445 -0.026
502446 -0.026
502447 -0.026
502448 -0.024
502449 -0.024
502450 -0.024
502451 -0.022
502452 -0.022
502453 -0.02
502454 -0.02
502455 -0.018
502456 -0.018
502457 -0.016
502458 -0.016
502459 -0.016
502460 -0.014
502461 -0.014
502462 -0.012
502463 -0.012
502464 -0.01
502465 -0.01
502466 -0.01
502467 -0.008
502468 -0.008
502469 -0.006
502470 -0.006
502471 -0.006
502472 -0.004
502473 -0.004
502474 -0.002
502475 -0.002
502476 -0.002
502477 0.0
502478 0.0
502479 0.0
502480 0.0
502481 0.0
502482 0.0
502483 0.0
502484 0.0
502485 0.0
502486 0.0
502487 0.0
502488 0.0
502489 0.0
502490 -0.002
502491 -0.002
502492 -0.002
502493 -0.002
502494 -0.004
502495 -0.004
502496 -0.004
502497 -0.004
502498 -0.004
502499 -0.004
502500 -0.004
502501 -0.002
502502 -0.002
502503 0.0
502504 0.002
502505 0.004
502506 0.006
502507 0.008
502508 0.008
502509 0.01
502510 0.012
502511 0.014
502512 0.016
502513 0.018
502514 0.02
502515 0.02
502516 0.022
502517 0.024
502518 0.024
502519 0.024
502520 0.026
502521 0.026
502522 0.026
502523 0.026
502524 0.026
502525 0.026
502526 0.026
502527 0.026
502528 0.026
502529 0.024
502530 0.024
502531 0.024
502532 0.022
502533 0.022
502534 0.022
502535 0.02
502536 0.02
502537 0.018
502538 0.018
502539 0.016
502540 0.014
502541 0.012
502542 0.01
502543 0.01
502544 0.008
502545 0.006
502546 0.004
502547 0.002
502548 0.0
502549 -0.002
502550 -0.004
502551 -0.006
502552 -0.006
502553 -0.008
502554 -0.008
502555 -0.01
502556 -0.01
502557 -0.012
502558 -0.012
502559 -0.012
502560 -0.014
502561 -0.014
502562 -0.014
502563 -0.014
502564 -0.014
502565 -0.012
502566 -0.012
502567 -0.012
502568 -0.01
502569 -0.01
502570 -0.008
502571 -0.006
502572 -0.004
502573 -0.004
502574 -0.002
502575 0.0
