Epoch	Height
496043	-1.962
496044	-2.006
496045	-2.055
496046	-2.078
496047	-2.086
496048	-2.088
496049	-2.112
496050	-2.103
496051	-2.144
496052	-2.142
496053	-2.145
496054	-2.169
496055	-2.194
496056	-2.198
496057	-2.219
496058	-2.233
496059	-2.24
496060	-2.268
496061	-2.281
496062	-2.297
496063	-2.31
496064	-2.322
496065	-2.315
496066	-2.318
496067	-2.328
496068	-2.317
496069	-2.312
496070	-2.335
496071	-2.331
496072	-2.325
496073	-2.353
496074	-2.392
496075	-2.398
496076	-2.428
496077	-2.449
496078	-2.456
496079	-2.429
496080	-2.451
496081	-2.432
496082	-2.439
496083	-2.445
496084	-2.446
496085	-2.482
496086	-2.506
496087	-2.526
496088	-2.531
496089	-2.564
496090	-2.587
496091	-2.578
496092	-2.618
496093	-2.641
496094	-2.648
496095	-2.647
496096	-2.678
496097	-2.688
496098	-2.7
496099	-2.7
496100	-2.694
496101	-2.711
496102	-2.727
496103	-2.747
496104	-2.758
496105	-2.764
496106	-2.771
496107	-2.795
496108	-2.804
496109	-2.817
496110	-2.817
496111	-2.83
496112	-2.829
496113	-2.837
496114	-2.855
496115	-2.87
496116	-2.879
496117	-2.91
496118	-2.938
496119	-2.956
496120	-2.947
496121	-2.958
496122	-2.963
496123	-3.001
496124	-3.023
496125	-3.008
496126	-3.006
496127	-3.043
496128	-3.06
496129	-3.069
496130	-3.055
496131	-3.071
496132	-3.062
496133	-3.083
496134	-3.094
496135	-3.083
496136	-3.117
496137	-3.111
496138	-3.11
496139	-3.089
496140	-3.102
496141	-3.129
496142	-3.132
496143	-3.129
496144	-3.134
496145	-3.122
496146	-3.127
496147	-3.135
496148	-3.146
496149	-3.153
496150	-3.142
496151	-3.134
496152	-3.146
496153	-3.169
496154	-3.166
496155	-3.161
496156	-3.144
496157	-3.144
496158	-3.139
496159	-3.14
496160	-3.142
496161	-3.142
496162	-3.122
496163	-3.152
496164	-3.146
496165	-3.115
496166	-3.115
496167	-3.098
496168	-3.107
496169	-3.146
496170	-3.145
496171	-3.12
496172	-3.115
496173	-3.132
496174	-3.136
496175	-3.139
496176	-3.142
496177	-3.145
496178	-3.143
496179	-3.149
496180	-3.141
496181	-3.129
496182	-3.118
496183	-3.107
496184	-3.129
496185	-3.137
496186	-3.136
496187	-3.123
496188	-3.15
496189	-3.156
496190	-3.151
496191	-3.172
496192	-3.188
496193	-3.184
496194	-3.19
496195	-3.201
496196	-3.179
496197	-3.163
496198	-3.148
496199	-3.163
496200	-3.15
496201	-3.139
496202	-3.134
496203	-3.132
496204	-3.121
496205	-3.099
496206	-3.109
496207	-3.098
496208	-3.113
496209	-3.109
496210	-3.11
496211	-3.109
496212	-3.123
496213	-3.193
496214	-3.209
496215	-3.158
496216	-3.132
496217	-3.128
496218	-3.118
496219	-3.1
496220	-3.064
496221	-3.054
496222	-3.061
496223	-3.063
496224	-3.032
496225	-3.012
496226	-3.008
496227	-3.01
496228	-2.966
496229	-2.965
496230	-2.96
496231	-2.945
496232	-2.936
496233	-2.936
496234	-2.915
496235	-2.907
496236	-2.876
496237	-2.869
496238	-2.906
496239	-2.898
496240	-2.872
496241	-2.869
496242	-2.856
496243	-2.851
496244	-2.839
496245	-2.832
496246	-2.803
496247	-2.788
496248	-2.788
496249	-2.774
496250	-2.766
496251	-2.751
496252	-2.748
496253	-2.754
496254	-2.753
496255	-2.713
496256	-2.702
496257	-2.696
496258	-2.683
496259	-2.683
496260	-2.699
496261	-2.675
496262	-2.679
496263	-2.69
496264	-2.685
496265	-2.678
496266	-2.646
496267	-2.632
496268	-2.636
496269	-2.612
496270	-2.592
496271	-2.575
496272	-2.561
496273	-2.557
496274	-2.558
496275	-2.56
496276	-2.52
496277	-2.465
496278	-2.453
496279	-2.423
496280	-2.442
496281	-2.448
496282	-2.423
496283	-2.417
496284	-2.406
496285	-2.386
496286	-2.389
496287	-2.404
496288	-2.386
496289	-2.382
496290	-2.396
496291	-2.421
496292	-2.464
496293	-2.476
496294	-2.454
496295	-2.453
496296	-2.448
496297	-2.443
496298	-2.419
496299	-2.433
496300	-2.403
496301	-2.388
496302	-2.376
496303	-2.373
496304	-2.348
496305	-2.348
496306	-2.348
496307	-2.337
496308	-2.331
496309	-2.311
496310	-2.29
496311	-2.315
496312	-2.328
496313	-2.323
496314	-2.319
496315	-2.313
496316	-2.293
496317	-2.289
496318	-2.296
496319	-2.272
496320	-2.265
496321	-2.25
496322	-2.237
496323	-2.255
496324	-2.267
496325	-2.286
496326	-2.279
496327	-2.294
496328	-2.268
496329	-2.25
496330	-2.249
496331	-2.259
496332	-2.256
496333	-2.224
496334	-2.211
496335	-2.213
496336	-2.206
496337	-2.183
496338	-2.164
496339	-2.167
496340	-2.18
496341	-2.177
496342	-2.171
496343	-2.166
496344	-2.176
496345	-2.175
496346	-2.166
496347	-2.152
496348	-2.13
496349	-2.135
496350	-2.114
496351	-2.099
496352	-2.098
496353	-2.096
496354	-2.08
496355	-2.098
496356	-2.095
496357	-2.076
496358	-2.08
496359	-2.065
496360	-2.056
496361	-2.038
496362	-2.041
496363	-2.039
496364	-2.045
496365	-2.045
496366	-2.086
496367	-2.111
496368	-2.162
496369	-2.21
496370	-2.238
496371	-2.264
496372	-2.297
496373	-2.343
496374	-2.383
496375	-2.442
496376	-2.477
496377	-2.523
496378	-2.547
496379	-2.592
496380	-2.643
496381	-2.697
496382	-2.731
496383	-2.736
496384	-2.727
496385	-2.734
496386	-2.781
496387	-2.784
496388	-2.791
496389	-2.817
496390	-2.814
496391	-2.828
496392	-2.851
496393	-2.866
496394	-2.862
496395	-2.877
496396	-2.869
496397	-2.853
496398	-2.838
496399	-2.835
496400	-2.821
496401	-2.827
496402	-2.847
496403	-2.88
496404	-2.903
496405	-2.909
496406	-2.89
496407	-2.889
496408	-2.907
496409	-2.937
496410	-2.953
496411	-2.971
496412	-2.971
496413	-2.989
496414	-3.028
496415	-3.077
496416	-3.087
496417	-3.102
496418	-3.131
496419	-3.097
496420	-3.116
496421	-3.126
496422	-3.148
496423	-3.171
496424	-3.209
496425	-3.23
496426	-3.245
496427	-3.263
496428	-3.295
496429	-3.335
496430	-3.34
496431	-3.343
496432	-3.357
496433	-3.37
496434	-3.389
496435	-3.377
496436	-3.368
496437	-3.364
496438	-3.372
496439	-3.406
496440	-3.443
496441	-3.48
496444	-3.525
496445	-3.556
496446	-3.598
496447	-3.64
496448	-3.653
496449	-3.673
496450	-3.678
496451	-3.704
496452	-3.719
496453	-3.729
496454	-3.712
496455	-3.716
496456	-3.76
496457	-3.813
496459	-3.874
496460	-3.897
496461	-3.899
496462	-3.893
496463	-3.898
496464	-3.94
496465	-3.978
496466	-3.99
496467	-4.011
496468	-4.012
496469	-3.985
496470	-4.027
496471	-4.044
496472	-4.095
496473	-4.103
496474	-4.1
496475	-4.107
496476	-4.13
496477	-4.14
496478	-4.148
496479	-4.177
496480	-4.201
496481	-4.223
496482	-4.261
496483	-4.322
496484	-4.362
496485	-4.365
496486	-4.359
496487	-4.402
496488	-4.422
496489	-4.466
496490	-4.484
496491	-4.477
496492	-4.504
496493	-4.503
496494	-4.509
496495	-4.526
496496	-4.53
496497	-4.505
496498	-4.504
496499	-4.514
496500	-4.487
496501	-4.487
496502	-4.524
496503	-4.558
496504	-4.577
496505	-4.54
496506	-4.556
496507	-4.532
496508	-4.527
496509	-4.519
496510	-4.529
496511	-4.492
496512	-4.482
496513	-4.46
496514	-4.481
496515	-4.449
496516	-4.478
496517	-4.466
496518	-4.443
496519	-4.469
496520	-4.475
496521	-4.517
496522	-4.558
496523	-4.591
496524	-4.628
496525	-4.64
496526	-4.656
496527	-4.67
496528	-4.697
496529	-4.713
496530	-4.689
496531	-4.644
496532	-4.643
496533	-4.648
496534	-4.662
496535	-4.661
496536	-4.652
496537	-4.677
496538	-4.664
496539	-4.671
496540	-4.663
496541	-4.689
496542	-4.692
496543	-4.694
496544	-4.712
496545	-4.712
496546	-4.734
496547	-4.753
496548	-4.721
496549	-4.726
496550	-4.731
496551	-4.819
496552	-4.826
496553	-4.812
496554	-4.808
496555	-4.81
496556	-4.81
496557	-4.793
496558	-4.795
496559	-4.762
496560	-4.764
496561	-4.791
496562	-4.816
496563	-4.804
496564	-4.823
496565	-4.819
496566	-4.839
496567	-4.868
496568	-4.875
496569	-4.864
496570	-4.852
496571	-4.871
496572	-4.857
496573	-4.872
496574	-4.87
496575	-4.885
496576	-4.899
496577	-4.921
496578	-4.927
496579	-4.857
496580	-4.867
496581	-4.873
496582	-4.899
496583	-4.907
496584	-4.904
496585	-4.865
496586	-4.848
496587	-4.863
496588	-4.867
496589	-4.861
496590	-4.873
496591	-4.872
496592	-4.884
496593	-4.869
496594	-4.893
496595	-4.896
496596	-4.909
496597	-4.935
496598	-4.989
496599	-4.947
496600	-4.941
496601	-4.953
496602	-4.985
496603	-4.813
496604	-4.83
496605	-4.816
496606	-4.825
496607	-4.813
496608	-4.814
496609	-4.826
496610	-4.837
496611	-4.829
496612	-4.782
496613	-4.828
496614	-4.86
496615	-4.862
496616	-4.847
496617	-4.852
496618	-4.883
496619	-4.887
496620	-4.906
496621	-4.909
496622	-4.9
496623	-4.884
496624	-4.895
496625	-4.926
496626	-4.955
496627	-4.951
496628	-4.96
496629	-4.972
496630	-4.993
496631	-5.002
496632	-5.002
496633	-4.994
496634	-4.98
496635	-4.987
496636	-4.986
496637	-4.98
496638	-4.97
496639	-4.958
496640	-4.936
496641	-4.935
496642	-4.928
496643	-4.944
496644	-4.963
496645	-4.972
496646	-4.99
496647	-5.0
496648	-4.987
496649	-4.979
496650	-4.98
496651	-4.959
496652	-4.953
496653	-4.948
496654	-4.956
496655	-4.954
496656	-4.939
496657	-4.934
496658	-4.947
496659	-4.945
496660	-4.962
496661	-4.946
496662	-4.934
496663	-4.93
496664	-4.941
496665	-4.941
496666	-4.923
496667	-4.907
496668	-4.905
496669	-4.916
496670	-4.901
496671	-4.895
496672	-4.897
496673	-4.894
496674	-4.915
496675	-4.912
496676	-4.889
496677	-4.883
496678	-4.881
496679	-4.869
496680	-4.864
496681	-4.886
496682	-4.909
496683	-4.895
496684	-4.887
496685	-4.901
496686	-4.914
496687	-4.928
496688	-4.937
496689	-4.947
496690	-4.957
496691	-4.951
496692	-4.979
496693	-4.985
496694	-4.99
496695	-4.983
496696	-4.987
496697	-5.053
496698	-5.053
496699	-5.024
496700	-5.018
496701	-5.011
496702	-5.008
496703	-5.018
496704	-5.019
496705	-4.993
496706	-4.986
496707	-4.957
496708	-4.971
496709	-4.954
496710	-4.967
496711	-5.0
496712	-5.002
496713	-5.003
496714	-4.986
496715	-4.995
496716	-5.008
496717	-4.972
496718	-4.986
496719	-5.005
496720	-5.001
496721	-4.99
496722	-4.981
496723	-4.993
496724	-4.997
496725	-4.991
496726	-4.992
496727	-4.964
496728	-4.952
496729	-4.953
496730	-4.981
496731	-4.958
496732	-4.946
496733	-4.956
496734	-4.936
496735	-4.951
496736	-4.945
496737	-4.893
496738	-4.894
496739	-4.891
496740	-4.901
496741	-4.92
496742	-4.91
496743	-4.902
496744	-4.907
496745	-4.91
496746	-4.92
496747	-4.918
496748	-4.918
496749	-4.9
496750	-4.89
496751	-4.893
496752	-4.873
496753	-4.85
496754	-4.852
496755	-4.836
496756	-4.834
496757	-4.838
496758	-4.853
496759	-4.83
496760	-4.858
496761	-4.869
496762	-4.878
496763	-4.87
496764	-4.885
496765	-4.883
496766	-4.881
496767	-4.894
496768	-4.883
496769	-4.877
496770	-4.873
496771	-4.846
496772	-4.856
496773	-4.853
496774	-4.877
496775	-4.88
496776	-4.887
496777	-4.889
496778	-4.883
496779	-4.905
496780	-4.91
496781	-4.903
496782	-4.911
496783	-4.9
496784	-4.887
496785	-4.884
496786	-4.889
496787	-4.892
496788	-4.898
496789	-4.898
496790	-4.905
496791	-4.899
496792	-4.906
496793	-4.934
496794	-4.952
496795	-4.965
496796	-4.965
496797	-4.947
496798	-4.945
496799	-4.916
496800	-4.895
496801	-4.889
496802	-4.905
496803	-4.903
496804	-4.892
496805	-4.871
496806	-4.857
496807	-4.861
496808	-4.837
496809	-4.819
496810	-4.81
496811	-4.792
496812	-4.784
496813	-4.812
496814	-4.802
496815	-4.799
496816	-4.782
496817	-4.748
496818	-4.728
496819	-4.688
496820	-4.667
496821	-4.654
496822	-4.644
496823	-4.632
496824	-4.616
496825	-4.604
496826	-4.595
496827	-4.571
496828	-4.558
496829	-4.533
496830	-4.523
496831	-4.51
496832	-4.48
496833	-4.464
496834	-4.457
496835	-4.447
496836	-4.45
496837	-4.441
496838	-4.407
496839	-4.395
496840	-4.382
496841	-4.396
496842	-4.411
496843	-4.409
496844	-4.385
496845	-4.347
496846	-4.332
496847	-4.319
496848	-4.306
496849	-4.304
496850	-4.309
496851	-4.321
496852	-4.393
496853	-4.362
496854	-4.357
496855	-4.339
496856	-4.337
496857	-4.321
496858	-4.327
496859	-4.322
496860	-4.304
496861	-4.298
496862	-4.284
496863	-4.276
496864	-4.253
496865	-4.232
496866	-4.249
496867	-4.246
496868	-4.217
496869	-4.197
496870	-4.175
496871	-4.159
496872	-4.136
496873	-4.126
496874	-4.12
496875	-4.102
496876	-4.113
496877	-4.123
496878	-4.129
496879	-4.142
496880	-4.189
496881	-4.189
496882	-4.173
496883	-4.186
496884	-4.198
496885	-4.204
496886	-4.218
496887	-4.202
496888	-4.209
496889	-4.271
496890	-4.252
496891	-4.261
496892	-4.246
496893	-4.24
496894	-4.239
496895	-4.221
496896	-4.22
496897	-4.238
496898	-4.274
496899	-4.303
496900	-4.303
496901	-4.322
496902	-4.341
496903	-4.329
496904	-4.323
496905	-4.328
496906	-4.34
496907	-4.359
496908	-4.368
496909	-4.351
496910	-4.34
496911	-4.332
496912	-4.313
496913	-4.282
496914	-4.278
496915	-4.267
496916	-4.253
496917	-4.261
496918	-4.274
496919	-4.283
496920	-4.311
496921	-4.345
496922	-4.362
496923	-4.383
496924	-4.414
496925	-4.392
496926	-4.387
496927	-4.399
496928	-4.392
496929	-4.392
496930	-4.396
496931	-4.383
496932	-4.369
496933	-4.362
496934	-4.36
496935	-4.353
496936	-4.34
496937	-4.32
496938	-4.317
496939	-4.317
496940	-4.315
496941	-4.314
496942	-4.289
496943	-4.301
496944	-4.326
496945	-4.34
496946	-4.284
496947	-4.225
496948	-4.22
496949	-4.211
496950	-4.162
496951	-4.116
496952	-4.084
496953	-4.06
496954	-4.049
496955	-4.037
496956	-3.983
496957	-3.935
496958	-3.896
496959	-3.908
496960	-3.918
496961	-3.909
496962	-3.871
496963	-3.925
496964	-3.934
496965	-3.993
496966	-3.981
496967	-3.996
496968	-3.987
496969	-4.012
496970	-3.994
496971	-4.015
496972	-4.017
496973	-4.003
496974	-3.992
496975	-3.979
496976	-4.003
496977	-4.078
496978	-4.049
496979	-4.052
496980	-4.009
496981	-3.955
496982	-3.94
496983	-3.913
496984	-3.918
496985	-3.901
496986	-3.902
496987	-3.897
496988	-3.894
496989	-3.868
496990	-3.865
496991	-3.858
496992	-3.885
496993	-3.892
496994	-3.951
496995	-4.025
496996	-4.025
496997	-4.018
496998	-4.032
496999	-4.022
497000	-4.043
497001	-4.032
497002	-4.034
497003	-4.048
497004	-4.024
497005	-4.034
497006	-4.049
497007	-4.046
497008	-4.068
497009	-4.065
497010	-4.072
497011	-4.093
497012	-4.099
497013	-4.171
497014	-4.184
497015	-4.233
497016	-4.298
497017	-4.352
497018	-4.367
497019	-4.383
497020	-4.396
497021	-4.404
497022	-4.428
497023	-4.434
497024	-4.44
497025	-4.457
497026	-4.436
497027	-4.431
497028	-4.454
497029	-4.408
497030	-4.309
497031	-4.439
497032	-4.386
497033	-4.354
497034	-4.336
497035	-4.333
497036	-4.303
497037	-4.269
497038	-4.273
497039	-4.213
497040	-4.16
497041	-4.096
497042	-4.074
497043	-4.176
497044	-4.234
497045	-4.297
497046	-4.291
497047	-4.281
497048	-4.234
497049	-4.234
497050	-4.229
497051	-4.247
497052	-4.231
497053	-4.22
497054	-4.292
497055	-4.247
497056	-4.294
497057	-4.29
497058	-4.326
497059	-4.235
497060	-4.228
497061	-4.292
497062	-4.227
497063	-4.158
497064	-4.152
497065	-4.251
497066	-4.244
497067	-4.243
497068	-4.268
497069	-4.179
497070	-4.154
497071	-4.122
497072	-4.124
497073	-4.115
497074	-4.116
497075	-4.082
497076	-4.048
497077	-4.045
497078	-4.027
497079	-4.013
497080	-3.959
497081	-3.953
497082	-3.969
497083	-3.913
497084	-3.857
497085	-3.848
497086	-3.843
497087	-3.848
497088	-3.896
497089	-3.92
497090	-3.903
497091	-3.899
497092	-3.841
497093	-3.846
497094	-3.844
497095	-3.867
497096	-3.865
497097	-3.85
497098	-3.857
497099	-3.844
497100	-3.85
497101	-3.833
497102	-3.826
497103	-3.818
497104	-3.774
497105	-3.791
497106	-3.752
497107	-3.741
497108	-3.752
497109	-3.76
497110	-3.78
497111	-3.768
497112	-3.787
497113	-3.787
497114	-3.817
497115	-3.816
497116	-3.822
497117	-3.814
497118	-3.798
497119	-3.814
497120	-3.799
497121	-3.822
497122	-3.813
497123	-3.807
497124	-3.818
497125	-3.807
497126	-3.802
497127	-3.804
497128	-3.792
497129	-3.831
497130	-3.845
497131	-3.848
497132	-3.852
497133	-3.847
497134	-3.843
497135	-3.858
497136	-3.853
497137	-3.852
497138	-3.85
497139	-3.851
497140	-3.839
497141	-3.812
497142	-3.807
497143	-3.797
497144	-3.788
497145	-3.791
497146	-3.793
497147	-3.795
497148	-3.799
497149	-3.791
497150	-3.805
497151	-3.822
497152	-3.821
497153	-3.826
497154	-3.829
497155	-3.856
497156	-3.853
497157	-3.851
497158	-3.847
497159	-3.855
497160	-3.839
497161	-3.854
497162	-3.845
497163	-3.842
497164	-3.866
497165	-3.879
497166	-3.889
497167	-3.888
497168	-3.881
497169	-3.875
497170	-3.869
497171	-3.885
497172	-3.883
497173	-3.882
497174	-3.883
497175	-3.883
497176	-3.881
497177	-3.864
497178	-3.855
497179	-3.865
497180	-3.862
497181	-3.871
497182	-3.862
497183	-3.86
497184	-3.851
497185	-3.838
497186	-3.832
497187	-3.826
497188	-3.819
497189	-3.819
497190	-3.819
497191	-3.832
497192	-3.836
497193	-3.838
497194	-3.841
497195	-3.834
497196	-3.837
497197	-3.826
497198	-3.841
497199	-3.84
497200	-3.836
497201	-3.841
497202	-3.842
497203	-3.838
497204	-3.855
497205	-3.865
497206	-3.851
497207	-3.859
497208	-3.86
497209	-3.872
497210	-3.877
497211	-3.888
497212	-3.887
497213	-3.889
497214	-3.899
497215	-3.902
497216	-3.911
497217	-3.922
497218	-3.914
497219	-3.9
497220	-3.914
497221	-3.887
497222	-3.868
497223	-3.883
497224	-3.886
497225	-3.88
497226	-3.878
497227	-3.871
497228	-3.869
497229	-3.869
497230	-3.861
497231	-3.873
497232	-3.875
497233	-3.873
497234	-3.878
497235	-3.868
497236	-3.853
497237	-3.847
497238	-3.834
497239	-3.847
497240	-3.845
497241	-3.857
497242	-3.873
497243	-3.869
497244	-3.871
497245	-3.877
497246	-3.878
497247	-3.864
497248	-3.878
497249	-3.876
497250	-3.878
497251	-3.879
497252	-3.891
497253	-3.886
497254	-3.881
497255	-3.887
497256	-3.897
497257	-3.897
497258	-3.909
497259	-3.901
497260	-3.879
497261	-3.886
497262	-3.89
497263	-3.897
497264	-3.891
497265	-3.89
497266	-3.889
497267	-3.893
497268	-3.9
497269	-3.9
497270	-3.888
497271	-3.885
497272	-3.878
497273	-3.884
497274	-3.876
497275	-3.872
497276	-3.88
497277	-3.876
497278	-3.849
497279	-3.843
497280	-3.847
497281	-3.832
497282	-3.843
497283	-3.859
497284	-3.843
497285	-3.841
497286	-3.836
497287	-3.827
497288	-3.84
497289	-3.87
497290	-3.88
497291	-3.882
497292	-3.875
497293	-3.863
497294	-3.859
497295	-3.862
497296	-3.862
497297	-3.856
497298	-3.878
497299	-3.872
497300	-3.867
497301	-3.872
497302	-3.862
497303	-3.866
497304	-3.864
497305	-3.864
497306	-3.871
497307	-3.86
497308	-3.874
497309	-3.885
497310	-3.885
497311	-3.873
497312	-3.881
497313	-3.882
497314	-3.872
497315	-3.868
497316	-3.869
497317	-3.885
497318	-3.881
497319	-3.883
497320	-3.878
497321	-3.877
497322	-3.873
497323	-3.877
497324	-3.872
497325	-3.874
497326	-3.891
497327	-3.885
497328	-3.888
497329	-3.884
497330	-3.885
497331	-3.881
497332	-3.883
497333	-3.862
497334	-3.882
497335	-3.888
497336	-3.891
497337	-3.922
497338	-3.937
497339	-3.935
497340	-3.931
497341	-3.94
497342	-3.938
497343	-3.951
497344	-3.946
497345	-3.951
497346	-3.941
497347	-3.929
497348	-3.917
497349	-3.929
497350	-3.932
497351	-3.944
497352	-3.943
497353	-3.912
497354	-3.929
497355	-3.93
497356	-3.923
497357	-3.922
497358	-3.94
497359	-3.929
497360	-3.917
497361	-3.928
497362	-3.94
497363	-3.963
497364	-3.957
497365	-3.957
497366	-3.958
497367	-3.945
497368	-3.94
497369	-3.958
497370	-3.953
497371	-3.944
497372	-3.949
497373	-3.95
497374	-3.945
497375	-3.957
497376	-3.954
497377	-3.941
497378	-3.953
497379	-3.958
497380	-3.948
497381	-3.944
497382	-3.948
497383	-3.936
497384	-3.939
497385	-3.937
497386	-3.939
497387	-3.943
497388	-3.933
497389	-3.943
497390	-3.946
497391	-3.963
497392	-3.978
497393	-3.973
497394	-3.962
497395	-3.968
497396	-3.971
497397	-3.983
497398	-3.996
497399	-3.995
497400	-3.978
497401	-3.976
497402	-3.976
497403	-3.974
497404	-3.966
497405	-3.98
497406	-3.973
497407	-3.98
497408	-3.986
497409	-3.995
497410	-3.999
497411	-3.987
497412	-3.997
497413	-4.001
497414	-4.003
497415	-4.01
497416	-4.009
497417	-4.006
497418	-4.011
497419	-3.999
497420	-3.991
497421	-4.009
497422	-4.012
497423	-4.025
497424	-4.024
497425	-4.016
497426	-4.017
497427	-4.008
497428	-4.013
497429	-4.006
497430	-4.011
497431	-4.009
497432	-4.024
497433	-4.018
497434	-4.027
497435	-4.016
497436	-3.987
497437	-3.983
497438	-3.999
497439	-3.997
497440	-4.003
497441	-4.013
497442	-4.02
497443	-4.027
497444	-4.033
497445	-4.039
497446	-4.032
497447	-4.029
497448	-4.031
497449	-4.038
497450	-4.028
497451	-4.018
497452	-4.018
497453	-4.005
497454	-4.036
497455	-4.05
497456	-4.051
497457	-4.05
497458	-4.06
497459	-4.055
497460	-4.054
497461	-4.045
497462	-4.034
497463	-4.038
497464	-4.034
497465	-4.024
497466	-4.026
497467	-4.033
497468	-4.045
497469	-4.061
497470	-4.066
497471	-4.07
497472	-4.072
497473	-4.069
497474	-4.066
497475	-4.061
497476	-4.064
497477	-4.064
497478	-4.069
497479	-4.07
497480	-4.067
497481	-4.065
497482	-4.067
497483	-4.065
497484	-4.075
497485	-4.076
497486	-4.069
497487	-4.059
497488	-4.067
497489	-4.064
497490	-4.071
497491	-4.08
497492	-4.073
497493	-4.071
497494	-4.064
497495	-4.067
497496	-4.055
497497	-4.064
497498	-4.066
497499	-4.056
497500	-4.052
497501	-4.058
497502	-4.06
497503	-4.056
497504	-4.059
497505	-4.063
497506	-4.056
497507	-4.064
497508	-4.069
497509	-4.07
497510	-4.078
497511	-4.075
497512	-4.084
497513	-4.076
497514	-4.079
497515	-4.078
497516	-4.07
497517	-4.071
497518	-4.106
497519	-4.124
497520	-4.12
497521	-4.123
497522	-4.111
497523	-4.099
497524	-4.102
497525	-4.109
497526	-4.09
497527	-4.083
497528	-4.094
497529	-4.098
497530	-4.101
497531	-4.1
497532	-4.095
497533	-4.101
497534	-4.091
497535	-4.094
497536	-4.093
497537	-4.099
497538	-4.095
497539	-4.111
497540	-4.109
497541	-4.115
497542	-4.11
497543	-4.106
497544	-4.105
497545	-4.1
497546	-4.086
497547	-4.082
497548	-4.076
497549	-4.081
497550	-4.075
497551	-4.073
497552	-4.081
497553	-4.078
497554	-4.085
497555	-4.081
497556	-4.086
497557	-4.073
497558	-4.068
497559	-4.059
497560	-4.06
497561	-4.054
497562	-4.055
497563	-4.042
497564	-4.04
497565	-4.035
497566	-4.034
497567	-4.032
497568	-4.007
497569	-4.031
497570	-4.034
497571	-4.059
497572	-4.076
497573	-4.064
497574	-4.055
497575	-4.051
497576	-4.049
497577	-4.021
497578	-4.021
497579	-4.026
497580	-4.02
497581	-4.032
497582	-4.034
497583	-4.042
497584	-4.061
497585	-4.061
497586	-4.07
497587	-4.065
497588	-4.064
497589	-4.052
497590	-4.057
497591	-4.05
497592	-4.067
497593	-4.059
497594	-4.069
497595	-4.062
497596	-4.056
497597	-4.053
497598	-4.052
497599	-4.046
497600	-4.013
497601	-4.012
497602	-4.015
497603	-4.015
497604	-4.014
497605	-4.018
497606	-4.014
497607	-3.995
497608	-3.995
497609	-3.988
497610	-3.994
497611	-3.992
497612	-3.999
497613	-3.991
497614	-3.983
497615	-3.971
497616	-3.96
497617	-3.96
497618	-3.952
497619	-3.936
497620	-3.93
497621	-3.921
497622	-3.908
497623	-3.902
497624	-3.891
497625	-3.875
497626	-3.864
497627	-3.847
497628	-3.83
497629	-3.821
497630	-3.816
497631	-3.807
497632	-3.805
497633	-3.795
497634	-3.792
497635	-3.769
497636	-3.784
497637	-3.786
497638	-3.791
497639	-3.8
497640	-3.817
497641	-3.816
497642	-3.783
497643	-3.776
497644	-3.775
497645	-3.768
497646	-3.775
497647	-3.778
497648	-3.782
497649	-3.784
497650	-3.767
497651	-3.742
497652	-3.751
497653	-3.745
497654	-3.749
497655	-3.745
497656	-3.745
497657	-3.729
497658	-3.72
497659	-3.709
497660	-3.709
497661	-3.703
497662	-3.686
497663	-3.683
497664	-3.684
497665	-3.664
497666	-3.662
497667	-3.655
497668	-3.635
497669	-3.632
497670	-3.635
497671	-3.619
497672	-3.615
497673	-3.625
497674	-3.622
497675	-3.618
497676	-3.619
497677	-3.61
497678	-3.612
497679	-3.624
497680	-3.621
497681	-3.616
497682	-3.598
497683	-3.577
497684	-3.591
497685	-3.593
497686	-3.596
497687	-3.604
497688	-3.613
497689	-3.597
497690	-3.602
497691	-3.599
497692	-3.598
497693	-3.607
497694	-3.627
497695	-3.642
497696	-3.631
497697	-3.641
497698	-3.604
497699	-3.621
497700	-3.633
497701	-3.63
497702	-3.617
497703	-3.598
497704	-3.592
497705	-3.6
497706	-3.612
497707	-3.599
497708	-3.598
497709	-3.598
497710	-3.583
497711	-3.572
497712	-3.579
497713	-3.586
497714	-3.592
497715	-3.594
497716	-3.595
497717	-3.593
497718	-3.593
497719	-3.602
497720	-3.59
497721	-3.576
497722	-3.582
497723	-3.587
497724	-3.578
497725	-3.569
497726	-3.558
497727	-3.569
497728	-3.56
497729	-3.568
497730	-3.568
497731	-3.559
497732	-3.562
497733	-3.542
497734	-3.532
497735	-3.529
497736	-3.531
497737	-3.527
497738	-3.508
497739	-3.498
497740	-3.508
497741	-3.509
497742	-3.495
497743	-3.487
497744	-3.485
497745	-3.484
497746	-3.478
497747	-3.487
497748	-3.476
497749	-3.491
497750	-3.487
497751	-3.481
497752	-3.474
497753	-3.479
497754	-3.469
497755	-3.46
497756	-3.467
497757	-3.48
497758	-3.47
497759	-3.464
497760	-3.457
497761	-3.453
497762	-3.453
497763	-3.456
497764	-3.456
497765	-3.452
497766	-3.464
497767	-3.464
497768	-3.471
497769	-3.462
497770	-3.472
497771	-3.474
497772	-3.463
497773	-3.451
497774	-3.445
497775	-3.434
497776	-3.44
497777	-3.467
497778	-3.49
497779	-3.477
497780	-3.478
497781	-3.467
497782	-3.472
497783	-3.453
497784	-3.455
497785	-3.465
497786	-3.467
497787	-3.474
497788	-3.473
497789	-3.474
497790	-3.482
497791	-3.474
497792	-3.487
497793	-3.484
497794	-3.49
497795	-3.475
497796	-3.483
497797	-3.46
497798	-3.466
497799	-3.463
497800	-3.478
497801	-3.484
497802	-3.495
497803	-3.487
497804	-3.489
497805	-3.505
497806	-3.519
497807	-3.509
497808	-3.508
497809	-3.507
497810	-3.506
497811	-3.499
497812	-3.507
497813	-3.492
497814	-3.474
497815	-3.484
497816	-3.485
497817	-3.474
497818	-3.466
497819	-3.468
497820	-3.478
497821	-3.482
497822	-3.47
497823	-3.481
497824	-3.468
497825	-3.474
497826	-3.456
497827	-3.449
497828	-3.457
497829	-3.45
497830	-3.446
497831	-3.429
497832	-3.423
497833	-3.424
497834	-3.413
497835	-3.409
497836	-3.396
497837	-3.383
497838	-3.398
497839	-3.409
497840	-3.414
497841	-3.425
497842	-3.428
497843	-3.428
497844	-3.422
497845	-3.421
497846	-3.447
497847	-3.437
497848	-3.455
497849	-3.454
497850	-3.444
497851	-3.433
497852	-3.438
497853	-3.436
497854	-3.459
497855	-3.479
497856	-3.477
497857	-3.491
497858	-3.501
497859	-3.5
497860	-3.501
497861	-3.51
497862	-3.525
497863	-3.534
497864	-3.542
497865	-3.555
497866	-3.536
497867	-3.537
497868	-3.546
497869	-3.564
497870	-3.564
497871	-3.57
497872	-3.573
497873	-3.579
497874	-3.554
497875	-3.549
497876	-3.555
497877	-3.558
497878	-3.557
497879	-3.55
497880	-3.543
497881	-3.555
497882	-3.552
497883	-3.561
497884	-3.567
497885	-3.56
497886	-3.554
497887	-3.537
497888	-3.519
497889	-3.526
497890	-3.53
497891	-3.539
497892	-3.541
497893	-3.537
497894	-3.533
497895	-3.547
497896	-3.557
497897	-3.55
497898	-3.578
497899	-3.552
497900	-3.546
497901	-3.546
497902	-3.528
497903	-3.506
497904	-3.497
497905	-3.506
497906	-3.511
497907	-3.533
497908	-3.539
497909	-3.529
497910	-3.518
497911	-3.529
497912	-3.531
497913	-3.535
497914	-3.513
497915	-3.525
497916	-3.518
497917	-3.493
497918	-3.472
497919	-3.45
497920	-3.45
497921	-3.448
497922	-3.454
497923	-3.454
497924	-3.482
497925	-3.49
497926	-3.508
497927	-3.485
497928	-3.468
497929	-3.477
497930	-3.475
497931	-3.47
497932	-3.463
497933	-3.465
497934	-3.455
497935	-3.472
497936	-3.477
497937	-3.479
497938	-3.477
497939	-3.488
497940	-3.484
497941	-3.471
497942	-3.482
497943	-3.471
497944	-3.463
497945	-3.463
497946	-3.463
497947	-3.464
497948	-3.459
497949	-3.449
497950	-3.439
497951	-3.434
497952	-3.432
497953	-3.45
497954	-3.447
497955	-3.462
497956	-3.462
497957	-3.443
497958	-3.434
497959	-3.439
497960	-3.441
497961	-3.435
497962	-3.436
497963	-3.43
497964	-3.441
497965	-3.452
497966	-3.451
497967	-3.452
497968	-3.448
497969	-3.438
497970	-3.432
497971	-3.439
497972	-3.433
497973	-3.422
497974	-3.4
497975	-3.391
497976	-3.403
497977	-3.412
497978	-3.402
497979	-3.406
497980	-3.413
497981	-3.421
497982	-3.41
497983	-3.41
497984	-3.401
497985	-3.413
497986	-3.408
497987	-3.421
497988	-3.419
497989	-3.415
497990	-3.421
497991	-3.431
497992	-3.409
497993	-3.405
497994	-3.405
497995	-3.422
497996	-3.432
497997	-3.424
497998	-3.407
497999	-3.425
498000	-3.419
498001	-3.4
498002	-3.396
498003	-3.398
498004	-3.394
498005	-3.386
498006	-3.38
498007	-3.377
498008	-3.365
498009	-3.36
498010	-3.349
498011	-3.332
498012	-3.332
498013	-3.359
498014	-3.327
498015	-3.368
498016	-3.36
498017	-3.36
498018	-3.345
498019	-3.331
498020	-3.324
498021	-3.331
498022	-3.318
498023	-3.299
498024	-3.292
498025	-3.282
498026	-3.278
498027	-3.279
498028	-3.282
498029	-3.28
498030	-3.287
498031	-3.3
498032	-3.286
498033	-3.281
498034	-3.267
498035	-3.278
498036	-3.283
498037	-3.272
498038	-3.26
498039	-3.227
498040	-3.22
498041	-3.227
498042	-3.24
498043	-3.236
498044	-3.211
498045	-3.198
498046	-3.179
498047	-3.167
498048	-3.166
498049	-3.173
498050	-3.175
498051	-3.171
498052	-3.149
498053	-3.142
498054	-3.136
498055	-3.141
498056	-3.143
498057	-3.131
498058	-3.132
498059	-3.138
498060	-3.133
498061	-3.135
498062	-3.129
498063	-3.115
498064	-3.1
498065	-3.091
498066	-3.086
498067	-3.097
498068	-3.102
498069	-3.095
498070	-3.081
498071	-3.084
498072	-3.077
498073	-3.086
498074	-3.09
498075	-3.076
498076	-3.063
498077	-3.056
498078	-3.05
498079	-3.054
498080	-3.061
498081	-3.062
498082	-3.058
498083	-3.066
498084	-3.072
498085	-3.071
498086	-3.073
498087	-3.071
498088	-3.075
498089	-3.084
498090	-3.096
498091	-3.092
498092	-3.105
498093	-3.112
498094	-3.121
498095	-3.114
498096	-3.107
498097	-3.112
498098	-3.108
498099	-3.108
498100	-3.101
498101	-3.104
498102	-3.102
498103	-3.115
498104	-3.112
498105	-3.101
498106	-3.109
498107	-3.11
498108	-3.119
498109	-3.126
498110	-3.132
498111	-3.13
498112	-3.132
498113	-3.135
498114	-3.129
498115	-3.129
498116	-3.134
498117	-3.131
498118	-3.139
498119	-3.148
498120	-3.145
498121	-3.142
498122	-3.148
498123	-3.157
498124	-3.162
498125	-3.158
498126	-3.159
498127	-3.149
498128	-3.142
498129	-3.137
498130	-3.143
498131	-3.133
498132	-3.123
498133	-3.117
498134	-3.114
498135	-3.101
498136	-3.117
498137	-3.135
498138	-3.129
498139	-3.123
498140	-3.134
498141	-3.141
498142	-3.136
498143	-3.142
498144	-3.147
498145	-3.154
498146	-3.162
498147	-3.162
498148	-3.17
498149	-3.168
498150	-3.164
498151	-3.159
498152	-3.151
498153	-3.156
498154	-3.157
498155	-3.154
498156	-3.159
498157	-3.163
498158	-3.166
498159	-3.173
498160	-3.176
498161	-3.179
498162	-3.163
498163	-3.178
498164	-3.174
498165	-3.17
498166	-3.165
498167	-3.175
498168	-3.172
498169	-3.167
498170	-3.176
498171	-3.185
498172	-3.191
498173	-3.183
498174	-3.181
498175	-3.185
498176	-3.176
498177	-3.174
498178	-3.177
498179	-3.171
498180	-3.183
498181	-3.179
498182	-3.181
498183	-3.169
498184	-3.159
498185	-3.175
498186	-3.188
498187	-3.198
498188	-3.214
498189	-3.215
498190	-3.218
498191	-3.215
498192	-3.21
498193	-3.202
498194	-3.188
498195	-3.184
498196	-3.186
498197	-3.181
498198	-3.196
498199	-3.211
498200	-3.226
498201	-3.224
498202	-3.223
498203	-3.21
498204	-3.211
498205	-3.211
498206	-3.221
498207	-3.214
498208	-3.203
498209	-3.201
498210	-3.208
498211	-3.202
498212	-3.196
498213	-3.186
498214	-3.18
498215	-3.158
498216	-3.145
498217	-3.147
498218	-3.147
498219	-3.162
498220	-3.146
498221	-3.134
498222	-3.152
498223	-3.155
498224	-3.162
498225	-3.176
498226	-3.184
498227	-3.192
498228	-3.18
498229	-3.18
498230	-3.184
498231	-3.183
498232	-3.175
498233	-3.179
498234	-3.174
498235	-3.187
498236	-3.198
498237	-3.193
498238	-3.201
498239	-3.215
498240	-3.212
498241	-3.197
498242	-3.22
498243	-3.237
498244	-3.24
498245	-3.258
498246	-3.248
498247	-3.237
498248	-3.241
498249	-3.224
498250	-3.226
498251	-3.242
498252	-3.223
498253	-3.219
498254	-3.239
498255	-3.226
498256	-3.239
498257	-3.25
498258	-3.248
498259	-3.271
498260	-3.252
498261	-3.25
498262	-3.244
498263	-3.218
498264	-3.235
498265	-3.207
498266	-3.219
498267	-3.232
498268	-3.219
498269	-3.24
498270	-3.232
498271	-3.26
498272	-3.253
498273	-3.245
498274	-3.253
498275	-3.229
498276	-3.25
498277	-3.225
498278	-3.238
498279	-3.239
498280	-3.242
498281	-3.252
498282	-3.227
498283	-3.252
498284	-3.224
498285	-3.26
498286	-3.23
498287	-3.259
498288	-3.249
498289	-3.257
498290	-3.244
498291	-3.233
498292	-3.243
498293	-3.214
498294	-3.249
498295	-3.224
498296	-3.278
498297	-3.244
498298	-3.302
498299	-3.265
498300	-3.316
498301	-3.267
498302	-3.316
498303	-3.278
498304	-3.323
498305	-3.295
498306	-3.346
498307	-3.309
498308	-3.356
498309	-3.32
498310	-3.354
498311	-3.324
498312	-3.347
498313	-3.335
498314	-3.326
498315	-3.341
498316	-3.311
498317	-3.355
498318	-3.312
498319	-3.38
498320	-3.306
498321	-3.358
498322	-3.319
498323	-3.331
498324	-3.36
498325	-3.309
498326	-3.366
498327	-3.306
498328	-3.375
498329	-3.341
498330	-3.315
498331	-3.379
498332	-3.283
498333	-3.37
498334	-3.301
498335	-3.292
498336	-3.35
498337	-3.221
498338	-3.328
498339	-3.323
498340	-3.265
498341	-3.399
498342	-3.272
498343	-3.313
498344	-3.4
498345	-3.264
498346	-3.378
498347	-3.38
498348	-3.264
498349	-3.44
498350	-3.39
498351	-3.294
498352	-3.478
498353	-3.346
498354	-3.297
498355	-3.48
498356	-3.322
498357	-3.29
498358	-3.485
498359	-3.305
498360	-3.268
498361	-3.467
498362	-3.31
498363	-3.23
498364	-3.42
498365	-3.321
498366	-3.193
498367	-3.373
498368	-3.375
498369	-3.205
498370	-3.349
498371	-3.444
498372	-3.312
498373	-3.341
498374	-3.483
498375	-3.394
498376	-3.314
498377	-3.417
498378	-3.448
498379	-3.342
498380	-3.355
498381	-3.418
498382	-3.379
498383	-3.305
498384	-3.346
498385	-3.387
498386	-3.328
498387	-3.307
498388	-3.367
498389	-3.404
498390	-3.36
498391	-3.332
498392	-3.367
498393	-3.383
498394	-3.348
498395	-3.325
498396	-3.333
498397	-3.367
498398	-3.366
498399	-3.361
498400	-3.334
498401	-3.33
498402	-3.348
498403	-3.366
498404	-3.351
498405	-3.341
498406	-3.338
498407	-3.345
498408	-3.351
498409	-3.356
498410	-3.347
498411	-3.335
498412	-3.352
498413	-3.367
498414	-3.371
498415	-3.371
498416	-3.354
498417	-3.34
498418	-3.352
498419	-3.361
498420	-3.362
498421	-3.36
498422	-3.384
498423	-3.388
498424	-3.396
498425	-3.412
498426	-3.431
498427	-3.437
498428	-3.436
498429	-3.427
498430	-3.434
498431	-3.438
498432	-3.439
498433	-3.443
498434	-3.441
498435	-3.437
498436	-3.429
498437	-3.431
498438	-3.414
498439	-3.406
498440	-3.41
498441	-3.406
498442	-3.41
498443	-3.413
498444	-3.423
498445	-3.426
498446	-3.427
498447	-3.424
498448	-3.39
498449	-3.376
498450	-3.368
498451	-3.377
498452	-3.379
498453	-3.364
498454	-3.363
498455	-3.362
498456	-3.373
498457	-3.378
498458	-3.375
498459	-3.383
498460	-3.379
498461	-3.389
498462	-3.387
498463	-3.386
498464	-3.403
498465	-3.426
498466	-3.417
498467	-3.428
498468	-3.445
498469	-3.451
498470	-3.44
498471	-3.436
498472	-3.456
498473	-3.47
498474	-3.458
498475	-3.449
498476	-3.438
498477	-3.428
498478	-3.411
498479	-3.384
498480	-3.403
498481	-3.401
498482	-3.403
498483	-3.404
498484	-3.406
498485	-3.406
498486	-3.417
498487	-3.435
498488	-3.433
498489	-3.438
498490	-3.438
498491	-3.44
498492	-3.452
498493	-3.463
498494	-3.442
498495	-3.446
498496	-3.422
498497	-3.42
498498	-3.447
498499	-3.438
498500	-3.422
498501	-3.417
498502	-3.433
498503	-3.44
498504	-3.445
498505	-3.438
498506	-3.434
498507	-3.433
498508	-3.426
498509	-3.45
498510	-3.465
498511	-3.45
498512	-3.451
498513	-3.455
498514	-3.438
498515	-3.436
498516	-3.463
498517	-3.476
498518	-3.461
498519	-3.482
498520	-3.491
498521	-3.492
498522	-3.471
498523	-3.451
498524	-3.447
498525	-3.456
498526	-3.444
498527	-3.439
498528	-3.444
498529	-3.442
498530	-3.449
498531	-3.442
498532	-3.452
498533	-3.466
498534	-3.463
498535	-3.463
498536	-3.476
498537	-3.464
498538	-3.438
498539	-3.447
498540	-3.453
498541	-3.446
498542	-3.47
498543	-3.463
498544	-3.438
498545	-3.452
498546	-3.504
498547	-3.493
498548	-3.481
498549	-3.499
498550	-3.503
498551	-3.506
498552	-3.524
498553	-3.536
498554	-3.544
498555	-3.543
498556	-3.522
498557	-3.53
498558	-3.556
498559	-3.581
498560	-3.548
498561	-3.522
498562	-3.521
498563	-3.544
498564	-3.526
498565	-3.504
498566	-3.536
498567	-3.533
498568	-3.52
498569	-3.505
498570	-3.517
498571	-3.536
498572	-3.528
498573	-3.515
498574	-3.538
498575	-3.552
498576	-3.549
498577	-3.555
498578	-3.553
498579	-3.552
498580	-3.537
498581	-3.522
498582	-3.528
498583	-3.51
498584	-3.526
498585	-3.536
498586	-3.548
498587	-3.53
498588	-3.545
498589	-3.548
498590	-3.553
498591	-3.553
498592	-3.562
498593	-3.582
498594	-3.579
498595	-3.584
498596	-3.59
498597	-3.596
498598	-3.595
498599	-3.598
498600	-3.583
498601	-3.571
498602	-3.555
498603	-3.547
498604	-3.552
498605	-3.538
498606	-3.526
498607	-3.581
498608	-3.57
498609	-3.569
498610	-3.573
498611	-3.551
498612	-3.574
498613	-3.582
498614	-3.578
498615	-3.552
498616	-3.556
498617	-3.552
498618	-3.531
498619	-3.549
498620	-3.554
498621	-3.557
498622	-3.579
498623	-3.598
498624	-3.588
498625	-3.558
498626	-3.576
498627	-3.585
498628	-3.571
498629	-3.578
498630	-3.584
498631	-3.585
498632	-3.601
498633	-3.604
498634	-3.591
498635	-3.588
498636	-3.612
498637	-3.602
498638	-3.586
498639	-3.61
498640	-3.608
498641	-3.587
498642	-3.586
498643	-3.588
498644	-3.623
498645	-3.624
498646	-3.613
498647	-3.605
498648	-3.622
498649	-3.621
498650	-3.621
498651	-3.629
498652	-3.627
498653	-3.6
498654	-3.626
498655	-3.643
498656	-3.642
498657	-3.637
498658	-3.645
498659	-3.63
498660	-3.627
498661	-3.643
498662	-3.651
498663	-3.663
498664	-3.637
498665	-3.625
498666	-3.628
498667	-3.622
498668	-3.614
498669	-3.611
498670	-3.61
498671	-3.579
498672	-3.598
498673	-3.603
498674	-3.595
498675	-3.622
498676	-3.597
498677	-3.591
498678	-3.617
498679	-3.596
498680	-3.59
498681	-3.589
498682	-3.59
498683	-3.588
498684	-3.601
498685	-3.589
498686	-3.578
498687	-3.58
498688	-3.576
498689	-3.559
498690	-3.561
498691	-3.566
498692	-3.561
498693	-3.571
498694	-3.571
498695	-3.577
498696	-3.591
498697	-3.602
498698	-3.61
498699	-3.595
498700	-3.606
498701	-3.597
498702	-3.604
498703	-3.604
498704	-3.593
498705	-3.6
498706	-3.586
498707	-3.6
498708	-3.604
498709	-3.616
498710	-3.629
498711	-3.633
498712	-3.627
498713	-3.612
498714	-3.583
498715	-3.585
498716	-3.591
498717	-3.593
498718	-3.586
498719	-3.585
498720	-3.586
498721	-3.58
498722	-3.584
498723	-3.569
498724	-3.571
498725	-3.588
498726	-3.595
498727	-3.584
498728	-3.595
498729	-3.606
498730	-3.631
498731	-3.637
498732	-3.634
498733	-3.638
498734	-3.644
498735	-3.642
498736	-3.635
498737	-3.627
498738	-3.609
498739	-3.61
498740	-3.619
498741	-3.626
498742	-3.614
498743	-3.625
498744	-3.629
498745	-3.608
498746	-3.604
498747	-3.607
498748	-3.576
498749	-3.579
498750	-3.603
498751	-3.591
498752	-3.593
498753	-3.605
498754	-3.595
498755	-3.575
498756	-3.599
498757	-3.606
498758	-3.606
498759	-3.601
498760	-3.592
498761	-3.595
498762	-3.612
498763	-3.629
498764	-3.642
498765	-3.645
498766	-3.66
498767	-3.649
498768	-3.651
498769	-3.659
498770	-3.661
498771	-3.652
498772	-3.651
498773	-3.667
498774	-3.651
498775	-3.636
498776	-3.654
498777	-3.631
498778	-3.653
498779	-3.64
498780	-3.639
498781	-3.638
498782	-3.644
498783	-3.632
498784	-3.645
498785	-3.647
498786	-3.622
498787	-3.611
498788	-3.619
498789	-3.609
498790	-3.623
498791	-3.614
498792	-3.62
498793	-3.623
498794	-3.605
498795	-3.595
498796	-3.598
498797	-3.607
498798	-3.603
498799	-3.61
498800	-3.604
498801	-3.608
498802	-3.619
498803	-3.62
498804	-3.61
498805	-3.606
498806	-3.61
498807	-3.608
498808	-3.613
498809	-3.621
498810	-3.623
498811	-3.614
498812	-3.62
498813	-3.624
498814	-3.623
498815	-3.635
498816	-3.632
498817	-3.625
498818	-3.634
498819	-3.633
498820	-3.634
498821	-3.632
498822	-3.643
498823	-3.641
498824	-3.64
498825	-3.642
498826	-3.629
498827	-3.64
498828	-3.635
498829	-3.64
498830	-3.652
498831	-3.654
498832	-3.656
498833	-3.662
498834	-3.668
498835	-3.674
498836	-3.686
498837	-3.692
498838	-3.682
498839	-3.692
498840	-3.677
498841	-3.67
498842	-3.662
498843	-3.676
498844	-3.672
498845	-3.669
498846	-3.672
498847	-3.662
498848	-3.664
498849	-3.679
498850	-3.687
498851	-3.684
498852	-3.697
498853	-3.679
498854	-3.675
498855	-3.659
498856	-3.651
498857	-3.666
498858	-3.661
498859	-3.64
498860	-3.655
498861	-3.678
498862	-3.679
498863	-3.68
498864	-3.689
498865	-3.679
498866	-3.685
498867	-3.695
498868	-3.679
498869	-3.691
498870	-3.696
498871	-3.679
498872	-3.676
498873	-3.673
498874	-3.68
498875	-3.682
498876	-3.681
498877	-3.684
498878	-3.694
498879	-3.691
498880	-3.701
498881	-3.682
498882	-3.691
498883	-3.705
498884	-3.706
498885	-3.702
498886	-3.688
498887	-3.705
498888	-3.716
498889	-3.725
498890	-3.721
498891	-3.725
498892	-3.734
498893	-3.727
498894	-3.716
498895	-3.739
498896	-3.73
498897	-3.723
498898	-3.705
498899	-3.713
498900	-3.718
498901	-3.716
498902	-3.738
498903	-3.737
498904	-3.729
498905	-3.73
498906	-3.74
498907	-3.728
498908	-3.73
498909	-3.726
498910	-3.71
498911	-3.722
498912	-3.711
498913	-3.701
498914	-3.703
498915	-3.701
498916	-3.71
498917	-3.707
498918	-3.693
498919	-3.704
498920	-3.721
498921	-3.719
498922	-3.721
498923	-3.732
498924	-3.73
498925	-3.734
498926	-3.749
498927	-3.748
498928	-3.749
498929	-3.761
498930	-3.753
498931	-3.757
498932	-3.768
498933	-3.767
498934	-3.777
498935	-3.788
498936	-3.792
498937	-3.799
498938	-3.792
498939	-3.801
498940	-3.809
498941	-3.823
498942	-3.837
498943	-3.82
498944	-3.823
498945	-3.831
498946	-3.832
498947	-3.842
498948	-3.814
498949	-3.816
498950	-3.82
498951	-3.816
498952	-3.824
498953	-3.828
498954	-3.835
498955	-3.841
498956	-3.852
498957	-3.867
498958	-3.865
498959	-3.872
498960	-3.886
498961	-3.886
498962	-3.881
498963	-3.894
498964	-3.896
498965	-3.884
498966	-3.891
498967	-3.889
498968	-3.903
498969	-3.899
498970	-3.894
498971	-3.893
498972	-3.908
498973	-3.926
498974	-3.939
498975	-3.93
498976	-3.926
498977	-3.921
498978	-3.898
498979	-3.894
498980	-3.921
498981	-3.925
498982	-3.911
498983	-3.905
498984	-3.92
498985	-3.915
498986	-3.897
498987	-3.902
498988	-3.898
498989	-3.91
498990	-3.902
498991	-3.895
498992	-3.916
498993	-3.911
498994	-3.882
498995	-3.892
498996	-3.888
498997	-3.877
498998	-3.852
498999	-3.845
499000	-3.843
499001	-3.858
499002	-3.878
499003	-3.89
499004	-3.905
499005	-3.912
499006	-3.909
499007	-3.899
499008	-3.899
499009	-3.892
499010	-3.898
499011	-3.925
499012	-3.915
499013	-3.926
499014	-3.93
499015	-3.92
499016	-3.955
499017	-3.938
499018	-3.94
499019	-3.95
499020	-3.94
499021	-3.927
499022	-3.931
499023	-3.922
499024	-3.927
499025	-3.92
499026	-3.923
499027	-3.934
499028	-3.93
499029	-3.929
499030	-3.938
499031	-3.938
499032	-3.943
499033	-3.952
499034	-3.952
499035	-3.955
499036	-3.972
499037	-3.969
499038	-3.975
499039	-3.965
499040	-3.954
499041	-3.95
499042	-3.966
499043	-3.979
499044	-3.985
499045	-3.982
499046	-4.001
499047	-3.994
499048	-4.002
499049	-4.019
499050	-4.017
499051	-4.014
499052	-4.01
499053	-4.004
499054	-4.001
499055	-4.023
499056	-4.009
499057	-3.991
499058	-3.985
499059	-3.99
499060	-3.984
499061	-3.984
499062	-3.981
499063	-3.986
499064	-3.989
499065	-4.012
499066	-4.02
499067	-4.026
499068	-4.026
499069	-4.048
499070	-4.041
499071	-4.028
499072	-4.03
499073	-4.034
499074	-4.027
499075	-4.03
499076	-4.014
499077	-4.015
499078	-4.037
499079	-4.045
499080	-4.031
499081	-4.024
499082	-4.038
499083	-4.035
499084	-4.042
499085	-4.052
499086	-4.056
499087	-4.063
499088	-4.077
499089	-4.079
499090	-4.078
499091	-4.091
499092	-4.093
499093	-4.094
499094	-4.097
499095	-4.095
499096	-4.074
499097	-4.082
499098	-4.076
499099	-4.068
499100	-4.063
499101	-4.056
499102	-4.06
499103	-4.072
499104	-4.087
499105	-4.082
499106	-4.09
499107	-4.093
499108	-4.086
499109	-4.086
499110	-4.083
499111	-4.091
499112	-4.094
499113	-4.099
499114	-4.095
499115	-4.095
499116	-4.099
499117	-4.106
499118	-4.11
499119	-4.112
499120	-4.103
499121	-4.109
499122	-4.119
499123	-4.131
499124	-4.136
499125	-4.129
499126	-4.123
499127	-4.117
499128	-4.132
499129	-4.131
499130	-4.14
499131	-4.138
499132	-4.122
499133	-4.118
499134	-4.13
499135	-4.12
499136	-4.115
499137	-4.113
499138	-4.109
499139	-4.117
499140	-4.103
499141	-4.106
499142	-4.112
499143	-4.123
499144	-4.134
499145	-4.124
499146	-4.112
499147	-4.09
499148	-4.101
499149	-4.114
499150	-4.125
499151	-4.126
499152	-4.152
499153	-4.139
499154	-4.14
499155	-4.145
499156	-4.143
499157	-4.136
499158	-4.155
499159	-4.178
499160	-4.169
499161	-4.175
499162	-4.172
499163	-4.183
499164	-4.183
499165	-4.191
499166	-4.189
499167	-4.172
499168	-4.182
499169	-4.186
499170	-4.184
499171	-4.171
499172	-4.174
499173	-4.177
499174	-4.165
499175	-4.167
499176	-4.151
499177	-4.147
499178	-4.149
499179	-4.161
499180	-4.163
499181	-4.165
499182	-4.161
499183	-4.168
499184	-4.153
499185	-4.147
499186	-4.154
499187	-4.144
499188	-4.137
499189	-4.138
499190	-4.137
499191	-4.152
499192	-4.164
499193	-4.157
499194	-4.159
499195	-4.171
499196	-4.173
499197	-4.182
499198	-4.193
499199	-4.195
499200	-4.207
499201	-4.208
499202	-4.198
499203	-4.192
499204	-4.201
499205	-4.22
499206	-4.221
499207	-4.217
499208	-4.23
499209	-4.248
499210	-4.254
499211	-4.258
499212	-4.26
499213	-4.271
499214	-4.251
499215	-4.263
499216	-4.276
499217	-4.248
499218	-4.259
499219	-4.26
499220	-4.247
499221	-4.259
499222	-4.253
499223	-4.246
499224	-4.245
499225	-4.247
499226	-4.282
499227	-4.265
499228	-4.231
499229	-4.231
499230	-4.229
499231	-4.222
499232	-4.204
499233	-4.204
499234	-4.208
499235	-4.21
499236	-4.216
499237	-4.209
499238	-4.222
499239	-4.217
499240	-4.23
499241	-4.229
499242	-4.23
499243	-4.236
499244	-4.222
499245	-4.234
499246	-4.221
499247	-4.236
499248	-4.242
499249	-4.24
499250	-4.214
499251	-4.247
499252	-4.25
499253	-4.23
499254	-4.258
499255	-4.254
499256	-4.238
499257	-4.231
499258	-4.235
499259	-4.22
499260	-4.217
499261	-4.231
499262	-4.21
499263	-4.208
499264	-4.201
499265	-4.217
499266	-4.176
499267	-4.204
499268	-4.192
499269	-4.177
499270	-4.167
499271	-4.215
499272	-4.196
499273	-4.198
499274	-4.177
499275	-4.2
499276	-4.167
499277	-4.162
499278	-4.154
499279	-4.165
499280	-4.17
499281	-4.171
499282	-4.167
499283	-4.147
499284	-4.181
499285	-4.157
499286	-4.166
499287	-4.167
499288	-4.143
499289	-4.16
499290	-4.152
499291	-4.168
499292	-4.175
499293	-4.167
499294	-4.171
499295	-4.146
499296	-4.147
499297	-4.148
499298	-4.126
499299	-4.153
499300	-4.156
499301	-4.132
499302	-4.17
499303	-4.163
499304	-4.159
499305	-4.182
499306	-4.161
499307	-4.16
499308	-4.18
499309	-4.147
499310	-4.146
499311	-4.167
499312	-4.133
499313	-4.13
499314	-4.172
499315	-4.137
499316	-4.113
499317	-4.17
499318	-4.147
499319	-4.148
499320	-4.204
499321	-4.172
499322	-4.17
499323	-4.222
499324	-4.182
499325	-4.156
499326	-4.185
499327	-4.217
499328	-4.156
499329	-4.138
499330	-4.178
499331	-4.137
499332	-4.128
499333	-4.186
499334	-4.171
499335	-4.124
499336	-4.154
499337	-4.195
499338	-4.137
499339	-4.128
499340	-4.173
499341	-4.157
499342	-4.087
499343	-4.134
499344	-4.184
499345	-4.164
499346	-4.131
499347	-4.164
499348	-4.179
499349	-4.178
499350	-4.183
499351	-4.202
499352	-4.15
499353	-4.113
499354	-4.115
499355	-4.137
499356	-4.153
499357	-4.157
499358	-4.19
499359	-4.188
499360	-4.169
499361	-4.14
499362	-4.14
499363	-4.122
499364	-4.151
499365	-4.162
499366	-4.168
499367	-4.185
499368	-4.165
499369	-4.164
499370	-4.148
499371	-4.162
499372	-4.149
499373	-4.158
499374	-4.173
499375	-4.191
499376	-4.198
499377	-4.199
499378	-4.21
499379	-4.208
499380	-4.223
499381	-4.194
499382	-4.224
499383	-4.222
499384	-4.203
499385	-4.213
499386	-4.218
499387	-4.218
499388	-4.21
499389	-4.214
499390	-4.214
499391	-4.207
499392	-4.209
499393	-4.227
499394	-4.219
499395	-4.224
499396	-4.243
499397	-4.242
499398	-4.248
499399	-4.236
499400	-4.239
499401	-4.245
499402	-4.231
499403	-4.244
499404	-4.264
499405	-4.269
499406	-4.27
499407	-4.274
499408	-4.273
499409	-4.272
499410	-4.273
499411	-4.303
499412	-4.298
499413	-4.288
499414	-4.293
499415	-4.293
499416	-4.299
499417	-4.299
499418	-4.299
499419	-4.293
499420	-4.289
499421	-4.275
499422	-4.286
499423	-4.287
499424	-4.276
499425	-4.271
499426	-4.273
499427	-4.287
499428	-4.28
499429	-4.29
499430	-4.281
499431	-4.278
499432	-4.277
499433	-4.277
499434	-4.289
499435	-4.292
499436	-4.312
499437	-4.322
499438	-4.337
499439	-4.337
499440	-4.351
499441	-4.358
499442	-4.371
499443	-4.356
499444	-4.349
499445	-4.35
499446	-4.345
499447	-4.346
499448	-4.346
499449	-4.336
499450	-4.343
499451	-4.342
499452	-4.352
499453	-4.351
499454	-4.339
499455	-4.339
499456	-4.331
499457	-4.339
499458	-4.341
499459	-4.347
499460	-4.349
499461	-4.347
499462	-4.351
499463	-4.362
499464	-4.374
499465	-4.37
499466	-4.38
499467	-4.375
499468	-4.367
499469	-4.361
499470	-4.357
499471	-4.353
499472	-4.363
499473	-4.363
499474	-4.356
499475	-4.37
499476	-4.37
499477	-4.361
499478	-4.362
499479	-4.364
499480	-4.367
499481	-4.376
499482	-4.382
499483	-4.375
499484	-4.373
499485	-4.373
499486	-4.372
499487	-4.361
499488	-4.36
499489	-4.361
499490	-4.363
499491	-4.367
499492	-4.365
499493	-4.388
499494	-4.381
499495	-4.39
499496	-4.371
499497	-4.361
499498	-4.379
499499	-4.389
499500	-4.382
499501	-4.395
499502	-4.392
499503	-4.387
499504	-4.397
499505	-4.399
499506	-4.38
499507	-4.367
499508	-4.372
499509	-4.38
499510	-4.379
499511	-4.387
499512	-4.39
499513	-4.39
499514	-4.392
499515	-4.377
499516	-4.375
499517	-4.383
499518	-4.397
499519	-4.4
499520	-4.406
499521	-4.417
499522	-4.422
499523	-4.433
499524	-4.431
499525	-4.42
499526	-4.404
499527	-4.403
499528	-4.388
499529	-4.378
499530	-4.389
499531	-4.381
499532	-4.38
499533	-4.394
499534	-4.411
499535	-4.389
499536	-4.388
499537	-4.406
499538	-4.396
499539	-4.398
499540	-4.408
499541	-4.402
499542	-4.405
499543	-4.43
499544	-4.432
499545	-4.426
499546	-4.434
499547	-4.414
499548	-4.418
499549	-4.43
499550	-4.41
499551	-4.435
499552	-4.398
499553	-4.407
499554	-4.412
499555	-4.404
499556	-4.419
499557	-4.387
499558	-4.4
499559	-4.386
499560	-4.385
499561	-4.409
499562	-4.38
499563	-4.412
499564	-4.385
499565	-4.434
499566	-4.406
499567	-4.437
499568	-4.409
499569	-4.441
499570	-4.417
499571	-4.419
499572	-4.397
499573	-4.418
499574	-4.392
499575	-4.413
499576	-4.393
499577	-4.424
499578	-4.396
499579	-4.442
499580	-4.406
499581	-4.434
499582	-4.394
499583	-4.444
499584	-4.402
499585	-4.457
499586	-4.423
499587	-4.444
499588	-4.426
499589	-4.406
499590	-4.435
499591	-4.389
499592	-4.441
499593	-4.411
499594	-4.445
499595	-4.471
499596	-4.427
499597	-4.471
499598	-4.421
499599	-4.425
499600	-4.451
499601	-4.406
499602	-4.433
499603	-4.436
499604	-4.407
499605	-4.438
499606	-4.45
499607	-4.444
499608	-4.462
499609	-4.468
499610	-4.434
499611	-4.453
499612	-4.474
499613	-4.452
499614	-4.451
499615	-4.465
499616	-4.491
499617	-4.471
499618	-4.473
499619	-4.497
499620	-4.519
499621	-4.518
499622	-4.51
499623	-4.524
499624	-4.517
499625	-4.512
499626	-4.508
499627	-4.508
499628	-4.53
499629	-4.498
499630	-4.483
499631	-4.472
499632	-4.484
499633	-4.487
499634	-4.489
499635	-4.492
499636	-4.484
499637	-4.487
499638	-4.512
499639	-4.512
499640	-4.486
499641	-4.493
499642	-4.477
499643	-4.485
499644	-4.49
499645	-4.476
499646	-4.492
499647	-4.496
499648	-4.489
499649	-4.484
499650	-4.474
499651	-4.465
499652	-4.473
499653	-4.466
499654	-4.474
499655	-4.472
499656	-4.472
499657	-4.46
499658	-4.454
499659	-4.467
499660	-4.458
499661	-4.471
499662	-4.462
499663	-4.458
499664	-4.459
499665	-4.452
499666	-4.46
499667	-4.447
499668	-4.448
499669	-4.435
499670	-4.433
499671	-4.434
499672	-4.437
499673	-4.446
499674	-4.438
499675	-4.438
499676	-4.442
499677	-4.45
499678	-4.433
499679	-4.454
499680	-4.453
499681	-4.459
499682	-4.449
499683	-4.465
499684	-4.489
499685	-4.495
499686	-4.507
499687	-4.495
499688	-4.484
499689	-4.504
499690	-4.509
499691	-4.512
499692	-4.501
499693	-4.505
499694	-4.499
499695	-4.524
499696	-4.503
499697	-4.516
499698	-4.533
499699	-4.535
499700	-4.532
499701	-4.534
499702	-4.544
499703	-4.527
499704	-4.525
499705	-4.521
499706	-4.516
499707	-4.53
499708	-4.543
499709	-4.552
499710	-4.542
499711	-4.542
499712	-4.555
499713	-4.565
499714	-4.544
499715	-4.551
499716	-4.548
499717	-4.543
499718	-4.534
499719	-4.544
499720	-4.539
499721	-4.527
499722	-4.521
499723	-4.521
499724	-4.529
499725	-4.528
499726	-4.514
499727	-4.522
499728	-4.502
499729	-4.509
499730	-4.523
499731	-4.522
499732	-4.507
499733	-4.508
499734	-4.519
499735	-4.536
499736	-4.538
499737	-4.538
499738	-4.532
499739	-4.537
499740	-4.55
499741	-4.537
499742	-4.55
499743	-4.553
499744	-4.587
499745	-4.58
499746	-4.586
499747	-4.587
499748	-4.603
499749	-4.604
499750	-4.582
499751	-4.584
499752	-4.58
499753	-4.573
499754	-4.567
499755	-4.564
499756	-4.561
499757	-4.551
499758	-4.54
499759	-4.535
499760	-4.539
499761	-4.549
499762	-4.556
499763	-4.54
499764	-4.522
499765	-4.521
499766	-4.51
499767	-4.517
499768	-4.519
499769	-4.512
499770	-4.529
499771	-4.529
499772	-4.544
499773	-4.547
499774	-4.555
499775	-4.559
499776	-4.547
499777	-4.546
499778	-4.557
499779	-4.574
499780	-4.575
499781	-4.569
499782	-4.578
499783	-4.575
499784	-4.571
499785	-4.561
499786	-4.546
499787	-4.553
499788	-4.544
499789	-4.536
499790	-4.536
499791	-4.529
499792	-4.524
499793	-4.535
499794	-4.53
499795	-4.54
499796	-4.538
499797	-4.538
499798	-4.543
499799	-4.545
499800	-4.552
499801	-4.559
499802	-4.553
499803	-4.545
499804	-4.542
499805	-4.548
499806	-4.557
499807	-4.55
499808	-4.558
499809	-4.558
499810	-4.557
499811	-4.549
499812	-4.552
499813	-4.553
499814	-4.543
499815	-4.536
499816	-4.523
499817	-4.521
499818	-4.52
499819	-4.514
499820	-4.514
499821	-4.507
499822	-4.506
499823	-4.52
499824	-4.518
499825	-4.524
499826	-4.518
499827	-4.511
499828	-4.518
499829	-4.508
499830	-4.503
499831	-4.516
499832	-4.529
499833	-4.535
499834	-4.533
499835	-4.532
499836	-4.524
499837	-4.516
499838	-4.516
499839	-4.51
499840	-4.517
499841	-4.501
499842	-4.502
499843	-4.492
499844	-4.498
499845	-4.488
499846	-4.485
499847	-4.476
499848	-4.482
499849	-4.476
499850	-4.465
499851	-4.472
499852	-4.481
499853	-4.491
499854	-4.502
499855	-4.526
499856	-4.523
499857	-4.53
499858	-4.557
499859	-4.545
499860	-4.55
499861	-4.571
499862	-4.567
499863	-4.559
499864	-4.542
499865	-4.538
499866	-4.534
499867	-4.524
499868	-4.522
499869	-4.53
499870	-4.537
499871	-4.534
499872	-4.545
499873	-4.558
499874	-4.551
499875	-4.537
499876	-4.55
499877	-4.556
499878	-4.564
499879	-4.575
499880	-4.592
499881	-4.599
499882	-4.585
499883	-4.586
499884	-4.578
499885	-4.572
499886	-4.59
499887	-4.593
499888	-4.603
499889	-4.594
499890	-4.585
499891	-4.567
499892	-4.549
499893	-4.546
499894	-4.556
499895	-4.563
499896	-4.56
499897	-4.57
499898	-4.565
499899	-4.558
499900	-4.55
499901	-4.534
499902	-4.525
499903	-4.548
499904	-4.542
499905	-4.535
499906	-4.555
499907	-4.562
499908	-4.552
499909	-4.558
499910	-4.533
499911	-4.503
499912	-4.486
499913	-4.497
499914	-4.462
499915	-4.456
499916	-4.439
499917	-4.44
499918	-4.432
499919	-4.424
499920	-4.426
499921	-4.437
499922	-4.447
499923	-4.443
499924	-4.443
499925	-4.437
499926	-4.439
499927	-4.425
499928	-4.404
499929	-4.407
499930	-4.406
499931	-4.406
499932	-4.419
499933	-4.407
499934	-4.401
499935	-4.408
499936	-4.413
499937	-4.415
499938	-4.42
499939	-4.415
499940	-4.395
499941	-4.402
499942	-4.393
499943	-4.386
499944	-4.376
499945	-4.369
499946	-4.367
499947	-4.375
499948	-4.365
499949	-4.359
499950	-4.345
499951	-4.355
499952	-4.342
499953	-4.325
499954	-4.32
499955	-4.301
499956	-4.302
499957	-4.303
499958	-4.314
499959	-4.33
499960	-4.335
499961	-4.34
499962	-4.343
499963	-4.34
499964	-4.34
499965	-4.347
499966	-4.34
499967	-4.334
499968	-4.335
499969	-4.313
499970	-4.301
499971	-4.311
499972	-4.323
499973	-4.335
499974	-4.32
499975	-4.308
499976	-4.308
499977	-4.296
499978	-4.265
499979	-4.267
499980	-4.273
499981	-4.265
499982	-4.252
499983	-4.262
499984	-4.272
499985	-4.252
499986	-4.256
499987	-4.263
499988	-4.255
499989	-4.254
499990	-4.266
499991	-4.257
499992	-4.26
499993	-4.257
499994	-4.243
499995	-4.247
499996	-4.253
499997	-4.267
499998	-4.272
499999	-4.269
500000	-4.286
500001	-4.298
500002	-4.295
500003	-4.288
500004	-4.287
500005	-4.298
500006	-4.304
500007	-4.306
500008	-4.307
500009	-4.307
500010	-4.32
500011	-4.326
500012	-4.335
500013	-4.32
500014	-4.333
500015	-4.343
500016	-4.339
500017	-4.326
500018	-4.32
500019	-4.322
500020	-4.322
500021	-4.327
500022	-4.341
500023	-4.321
500024	-4.298
500025	-4.293
500026	-4.291
500027	-4.291
500028	-4.298
500029	-4.304
500030	-4.291
500031	-4.271
500032	-4.272
500033	-4.276
500034	-4.281
500035	-4.28
500036	-4.267
500037	-4.262
500038	-4.27
500039	-4.272
500040	-4.268
500041	-4.252
500042	-4.26
500043	-4.232
500044	-4.22
500045	-4.223
500046	-4.23
500047	-4.231
500048	-4.235
500049	-4.243
500050	-4.248
500051	-4.27
500052	-4.288
500053	-4.296
500054	-4.302
500055	-4.32
500056	-4.323
500057	-4.333
500058	-4.337
500059	-4.339
500060	-4.344
500061	-4.362
500062	-4.382
500063	-4.389
500064	-4.391
500065	-4.392
500066	-4.387
500067	-4.4
500068	-4.41
500069	-4.399
500070	-4.381
500071	-4.363
500072	-4.369
500073	-4.361
500074	-4.353
500075	-4.345
500076	-4.346
500077	-4.349
500078	-4.364
500079	-4.378
500080	-4.387
500081	-4.388
500082	-4.391
500083	-4.381
500084	-4.383
500085	-4.39
500086	-4.386
500087	-4.37
500088	-4.374
500089	-4.381
500090	-4.391
500091	-4.396
500092	-4.411
500093	-4.426
500094	-4.43
500095	-4.43
500096	-4.429
500097	-4.433
500098	-4.442
500099	-4.445
500100	-4.45
500101	-4.443
500102	-4.453
500103	-4.452
500104	-4.455
500105	-4.465
500106	-4.472
500107	-4.487
500108	-4.5
500109	-4.508
500110	-4.496
500111	-4.506
500112	-4.506
500113	-4.503
500114	-4.486
500115	-4.486
500116	-4.485
500117	-4.497
500118	-4.501
500119	-4.497
500120	-4.489
500121	-4.482
500122	-4.486
500123	-4.488
500124	-4.489
500125	-4.487
500126	-4.478
500127	-4.479
500128	-4.458
500129	-4.457
500130	-4.461
500131	-4.451
500132	-4.44
500133	-4.456
500134	-4.454
500135	-4.432
500136	-4.426
500137	-4.429
500138	-4.429
500139	-4.442
500140	-4.446
500141	-4.447
500142	-4.452
500143	-4.446
500144	-4.434
500145	-4.43
500146	-4.43
500147	-4.436
500148	-4.457
500149	-4.462
500150	-4.479
500151	-4.474
500152	-4.483
500153	-4.477
500154	-4.477
500155	-4.492
500156	-4.497
500157	-4.488
500158	-4.479
500159	-4.478
500160	-4.477
500161	-4.472
500162	-4.467
500163	-4.478
500164	-4.488
500165	-4.498
500166	-4.496
500167	-4.488
500168	-4.489
500169	-4.495
500170	-4.504
500171	-4.506
500172	-4.52
500173	-4.526
500174	-4.538
500175	-4.542
500176	-4.538
500177	-4.54
500178	-4.544
500179	-4.555
500180	-4.573
500181	-4.571
500182	-4.584
500183	-4.578
500184	-4.585
500185	-4.595
500186	-4.59
500187	-4.591
500188	-4.592
500189	-4.591
500190	-4.599
500191	-4.604
500192	-4.591
500193	-4.584
500194	-4.588
500195	-4.585
500196	-4.582
500197	-4.582
500198	-4.573
500199	-4.564
500200	-4.569
500201	-4.565
500202	-4.556
500203	-4.546
500204	-4.54
500205	-4.56
500206	-4.579
500207	-4.583
500208	-4.568
500209	-4.566
500210	-4.558
500211	-4.553
500212	-4.548
500213	-4.543
500214	-4.54
500215	-4.535
500216	-4.518
500217	-4.496
500218	-4.48
500219	-4.465
500220	-4.477
500221	-4.463
500222	-4.46
500223	-4.471
500224	-4.46
500225	-4.449
500226	-4.45
500227	-4.453
500228	-4.464
500229	-4.468
500230	-4.473
500231	-4.465
500232	-4.429
500233	-4.429
500234	-4.448
500235	-4.457
500236	-4.457
500237	-4.466
500238	-4.469
500239	-4.469
500240	-4.499
500241	-4.493
500242	-4.496
500243	-4.516
500244	-4.543
500245	-4.543
500246	-4.543
500247	-4.546
500248	-4.544
500249	-4.564
500250	-4.575
500251	-4.579
500252	-4.578
500253	-4.578
500254	-4.576
500255	-4.588
500256	-4.612
500257	-4.625
500258	-4.607
500259	-4.59
500260	-4.567
500261	-4.563
500262	-4.534
500263	-4.511
500264	-4.47
500265	-4.418
500266	-4.381
500267	-4.373
500268	-4.359
500269	-4.336
500270	-4.329
500271	-4.319
500272	-4.296
500273	-4.272
500274	-4.292
500275	-4.291
500276	-4.264
500277	-4.215
500278	-4.212
500279	-4.207
500280	-4.174
500281	-4.138
500282	-4.142
500283	-4.145
500284	-4.112
500285	-4.076
500286	-4.057
500287	-4.021
500288	-3.925
500289	-3.909
500290	-3.872
500291	-3.82
500292	-3.794
500293	-3.787
500294	-3.759
500295	-3.724
500296	-3.674
500297	-3.667
500298	-3.626
500299	-3.62
500300	-3.587
500301	-3.538
500302	-3.507
500303	-3.524
500304	-3.494
500305	-3.397
500306	-3.364
500307	-3.383
500308	-3.342
500309	-3.301
500310	-3.411
500311	-3.553
500318	-1.657
500319	-1.28
500320	-0.975
500321	-1.761
500322	-1.821
500323	-1.938
500324	-1.977
500325	-2.003
500326	-2.024
500327	-2.0
500328	-2.006
500329	-2.039
500330	-2.068
500331	-2.138
500332	-2.162
500333	-2.191
500334	-2.221
500335	-2.265
500336	-2.258
500337	-2.279
500338	-2.292
500339	-2.284
500340	-2.274
500341	-2.269
500342	-2.283
500343	-2.295
500344	-2.325
500345	-2.337
500346	-2.355
500347	-2.37
500348	-2.386
500349	-2.42
500350	-2.439
500351	-2.47
500352	-2.476
500353	-2.497
500354	-2.525
500355	-2.53
500356	-2.554
500357	-2.582
500358	-2.59
500359	-2.6
500360	-2.629
500361	-2.641
500362	-2.652
500363	-2.696
500364	-2.728
500365	-2.759
500366	-2.782
500367	-2.785
500368	-2.817
500369	-2.833
500370	-2.869
500371	-2.907
500372	-2.904
500373	-2.889
500374	-2.893
500375	-2.94
500376	-2.963
500377	-2.981
500378	-2.997
500379	-3.024
500380	-3.043
500381	-3.073
500382	-3.105
500383	-3.148
500384	-3.154
500385	-3.169
500386	-3.171
500387	-3.171
500388	-3.187
500389	-3.19
500390	-3.204
500391	-3.215
500392	-3.232
500393	-3.254
500394	-3.266
500395	-3.256
500396	-3.259
500397	-3.26
500398	-3.258
500399	-3.259
500400	-3.269
500401	-3.267
500402	-3.262
500403	-3.292
500404	-3.317
500405	-3.307
500406	-3.303
500407	-3.306
500408	-3.294
500409	-3.301
500410	-3.309
500411	-3.317
500412	-3.326
500413	-3.337
500414	-3.34
500415	-3.349
500416	-3.352
500417	-3.367
500418	-3.366
500419	-3.395
500420	-3.48
500421	-3.498
500422	-3.475
500423	-3.435
500424	-3.45
500425	-3.422
500426	-3.398
500427	-3.4
500428	-3.43
500429	-3.428
500430	-3.418
500431	-3.401
500432	-3.388
500433	-3.361
500434	-3.367
500435	-3.339
500436	-3.343
500437	-3.292
500438	-3.296
500439	-3.316
500440	-3.284
500441	-3.208
500442	-3.167
500443	-3.245
500444	-3.475
500445	-4.021
500449	-2.145
500450	-1.988
500451	-1.803
500452	-1.926
500453	-1.848
500454	-1.85
500455	-1.858
500456	-1.872
500457	-1.784
500458	-1.708
500459	-1.678
500460	-1.679
500461	-1.711
500462	-1.69
500463	-1.702
500464	-1.73
500465	-1.712
500466	-1.704
500467	-1.646
500468	-1.625
500469	-1.623
500470	-1.644
500471	-1.685
500472	-1.726
500473	-1.761
500474	-1.737
500475	-1.723
500476	-1.71
500477	-1.669
500478	-1.596
500479	-1.546
500480	-1.461
500481	-1.434
500482	-1.423
500483	-1.401
500484	-1.399
500485	-1.38
500486	-1.391
500487	-1.398
500488	-1.392
500489	-1.397
500490	-1.414
500491	-1.438
500492	-1.455
500493	-1.489
500494	-1.487
500495	-1.491
500496	-1.434
500497	-1.405
500498	-1.415
500499	-1.416
500500	-1.417
500501	-1.427
500502	-1.377
500503	-1.361
500504	-1.37
500505	-1.365
500506	-1.38
500507	-1.382
500508	-1.384
500509	-1.34
500510	-1.33
500511	-1.349
500512	-1.381
500513	-1.427
500514	-1.427
500515	-1.448
500516	-1.534
500517	-1.589
500518	-1.601
500519	-1.606
500520	-1.636
500521	-1.616
500522	-1.618
500523	-1.646
500524	-1.629
500525	-1.61
500526	-1.644
500527	-1.707
500528	-1.685
500529	-1.722
500530	-1.562
500531	-1.61
500532	-1.512
500533	-1.48
500534	-1.624
500535	-1.109
500545	-2.103
500546	-2.079
500547	-2.024
500548	-1.959
500549	-1.967
500550	-2.042
500551	-2.089
500552	-2.136
500553	-2.16
500554	-2.157
500555	-2.166
500556	-2.233
500557	-2.241
500558	-2.244
500559	-2.258
500560	-2.251
500561	-2.241
500562	-2.271
500563	-2.273
500564	-2.293
500565	-2.283
500566	-2.28
500567	-2.302
500568	-2.324
500569	-2.332
500570	-2.369
500571	-2.407
500572	-2.44
500573	-2.466
500574	-2.508
500575	-2.566
500576	-2.594
500577	-2.606
500578	-2.624
500579	-2.639
500580	-2.677
500581	-2.702
500582	-2.705
500583	-2.727
500584	-2.772
500585	-2.789
500586	-2.801
500587	-2.822
500588	-2.866
500589	-2.872
500590	-2.911
500591	-2.943
500592	-2.949
500593	-2.922
500594	-2.905
500595	-2.908
500596	-2.9
500597	-2.908
500598	-2.918
500599	-2.924
500600	-2.941
500601	-2.96
500602	-2.98
500603	-2.987
500604	-2.985
500605	-2.984
500606	-2.953
500607	-2.955
500608	-2.941
500609	-2.962
500610	-2.978
500611	-2.979
500612	-2.997
500613	-3.002
500614	-3.024
500615	-3.031
500616	-3.042
500617	-3.055
500618	-3.053
500619	-3.066
500620	-3.078
500621	-3.048
500622	-3.062
500623	-3.069
500624	-3.075
500625	-3.102
500626	-3.112
500627	-3.15
500628	-3.175
500629	-3.191
500630	-3.186
500631	-3.179
500632	-3.178
500633	-3.212
500634	-3.22
500635	-3.225
500636	-3.233
500637	-3.231
500638	-3.27
500639	-3.293
500640	-3.33
500641	-3.369
500642	-3.381
500643	-3.381
500644	-3.41
500645	-3.429
500646	-3.451
500647	-3.456
500648	-3.439
500649	-3.446
500650	-3.435
500651	-3.423
500652	-3.313
500653	-3.451
500654	-3.491
500655	-3.496
500656	-3.53
500657	-3.521
500658	-3.5
500659	-7.868
500665	-4.746
500666	-4.773
500667	-4.87
500668	-4.971
500669	-5.049
500670	-5.152
500671	-5.229
500672	-5.134
500673	-5.109
500674	-5.066
500675	-5.083
500676	-5.091
500677	-5.162
500678	-5.197
500679	-5.19
500680	-5.172
500681	-5.153
500682	-5.161
500683	-5.155
500684	-5.177
500685	-5.185
500686	-5.191
500687	-5.225
500688	-5.22
500689	-5.212
500690	-5.202
500691	-5.214
500692	-5.209
500693	-5.197
500694	-5.187
500695	-5.164
500696	-5.146
500697	-5.114
500698	-5.104
500699	-5.098
500700	-5.067
500701	-5.054
500702	-5.059
500703	-5.037
500704	-5.016
500705	-4.997
500706	-4.997
500707	-4.978
500708	-4.957
500709	-4.949
500710	-4.924
500711	-4.927
500712	-4.931
500713	-4.909
500714	-4.879
500715	-4.888
500716	-4.892
500717	-4.892
500718	-4.878
500719	-4.869
500720	-4.854
500721	-4.854
500722	-4.857
500723	-4.888
500724	-4.877
500725	-4.862
500726	-4.853
500727	-4.86
500728	-4.869
500729	-4.861
500730	-4.859
500731	-4.862
500732	-4.864
500733	-4.844
500734	-4.827
500735	-4.815
500736	-4.814
500737	-4.798
500738	-4.809
500739	-4.784
500740	-4.773
500741	-4.767
500742	-4.758
500743	-4.751
500744	-4.741
500745	-4.734
500746	-4.737
500747	-4.759
500748	-4.761
500749	-4.756
500750	-4.741
500751	-4.722
500752	-4.701
500753	-4.703
500754	-4.689
500755	-4.689
500756	-4.688
500757	-4.701
500758	-4.698
500759	-4.703
500760	-4.695
500761	-4.69
500762	-4.691
500763	-4.683
500764	-4.668
500765	-4.675
500766	-4.671
500767	-4.68
500768	-4.672
500769	-4.667
500770	-4.661
500771	-4.65
500772	-4.647
500773	-4.635
500774	-4.636
500775	-4.643
500776	-4.637
500777	-4.629
500778	-4.63
500779	-4.636
500780	-4.631
500781	-4.644
500782	-4.65
500783	-4.642
500784	-4.631
500785	-4.626
500786	-4.627
500787	-4.626
500788	-4.625
500789	-4.625
500790	-4.62
500791	-4.616
500792	-4.614
500793	-4.613
500794	-4.612
500795	-4.62
500796	-4.633
500797	-4.632
500798	-4.618
500799	-4.605
500800	-4.609
500801	-4.62
500802	-4.627
500803	-4.631
500804	-4.637
500805	-4.639
500806	-4.619
500807	-4.626
500808	-4.633
500809	-4.641
500810	-4.637
500811	-4.637
500812	-4.631
500813	-4.617
500814	-4.616
500815	-4.612
500816	-4.607
500817	-4.6
500818	-4.594
500819	-4.589
500820	-4.589
500821	-4.591
500822	-4.58
500823	-4.588
500824	-4.583
500825	-4.587
500826	-4.58
500827	-4.561
500828	-4.581
500829	-4.58
500830	-4.582
500831	-4.585
500832	-4.584
500833	-4.574
500834	-4.577
500835	-4.569
500836	-4.559
500837	-4.562
500838	-4.563
500839	-4.562
500840	-4.555
500841	-4.556
500842	-4.562
500843	-4.57
500844	-4.564
500845	-4.564
500846	-4.575
500847	-4.58
500848	-4.575
500849	-4.582
500850	-4.568
500851	-4.551
500852	-4.565
500853	-4.568
500854	-4.558
500855	-4.55
500856	-4.549
500857	-4.537
500858	-4.534
500859	-4.549
500860	-4.54
500861	-4.529
500862	-4.529
500863	-4.532
500864	-4.538
500865	-4.542
500866	-4.534
500867	-4.539
500868	-4.53
500869	-4.515
500870	-4.509
500871	-4.502
500872	-4.5
500873	-4.501
500874	-4.5
500875	-4.508
500876	-4.526
500877	-4.534
500878	-4.529
500879	-4.533
500880	-4.53
500881	-4.513
500882	-4.507
500883	-4.512
500884	-4.522
500885	-4.518
500886	-4.536
500887	-4.55
500888	-4.546
500889	-4.542
500890	-4.553
500891	-4.558
500892	-4.551
500893	-4.543
500894	-4.542
500895	-4.55
500896	-4.556
500897	-4.567
500898	-4.569
500899	-4.571
500900	-4.584
500901	-4.597
500902	-4.61
500903	-4.604
500904	-4.595
500905	-4.586
500906	-4.591
500907	-4.594
500908	-4.605
500909	-4.619
500910	-4.639
500911	-4.643
500912	-4.644
500913	-4.662
500914	-4.66
500915	-4.658
500916	-4.648
500917	-4.65
500918	-4.647
500919	-4.672
500920	-4.68
500921	-4.683
500922	-4.668
500923	-4.658
500924	-4.647
500925	-4.646
500926	-4.647
500927	-4.657
500928	-4.66
500929	-4.651
500930	-4.658
500931	-4.664
500932	-4.657
500933	-4.656
500934	-4.659
500935	-4.653
500936	-4.649
500937	-4.665
500938	-4.672
500939	-4.673
500940	-4.671
500941	-4.689
500942	-4.69
500943	-4.685
500944	-4.677
500945	-4.68
500946	-4.679
500947	-4.685
500948	-4.688
500949	-4.698
500950	-4.708
500951	-4.711
500952	-4.718
500953	-4.728
500954	-4.721
500955	-4.72
500956	-4.73
500957	-4.733
500958	-4.739
500959	-4.732
500960	-4.755
500961	-4.749
500962	-4.758
500963	-4.768
500964	-4.789
500965	-4.78
500966	-4.778
500967	-4.752
500968	-4.767
500969	-4.758
500970	-4.786
500971	-4.786
500972	-4.799
500973	-4.797
500974	-4.787
500975	-4.795
500976	-4.776
500977	-4.773
500978	-4.769
500979	-4.79
500980	-4.784
500981	-4.779
500982	-4.789
500983	-4.787
500984	-4.791
500985	-4.794
500986	-4.798
500987	-4.801
500988	-4.81
500989	-4.801
500990	-4.781
500991	-4.807
500992	-4.783
500993	-4.779
500994	-4.796
500995	-4.791
500996	-4.785
500997	-4.778
500998	-4.796
500999	-4.792
501000	-4.798
501001	-4.783
501002	-4.783
501003	-4.767
501004	-4.774
501005	-4.782
501006	-4.802
501007	-4.819
501008	-4.829
501009	-4.828
501010	-4.845
501011	-4.838
501012	-4.839
501013	-4.823
501014	-4.828
501015	-4.815
501016	-4.816
501017	-4.816
501018	-4.827
501019	-4.842
501020	-4.864
501021	-4.869
501022	-4.864
501023	-4.856
501024	-4.867
501025	-4.876
501026	-4.865
501027	-4.875
501028	-4.874
501029	-4.886
501030	-4.851
501031	-4.848
501032	-4.841
501033	-4.841
501034	-4.847
501035	-4.826
501036	-4.847
501037	-4.836
501038	-4.83
501039	-4.845
501040	-4.828
501041	-4.841
501042	-4.858
501043	-4.841
501044	-4.866
501045	-4.877
501046	-4.876
501047	-4.885
501048	-4.887
501049	-4.897
501050	-4.92
501051	-4.91
501052	-4.89
501053	-4.906
501054	-4.905
501055	-4.888
501056	-4.921
501057	-4.934
501058	-4.909
501059	-4.911
501060	-4.941
501061	-4.923
501062	-4.902
501063	-4.933
501064	-4.948
501065	-4.939
501066	-4.917
501067	-4.941
501068	-4.964
501069	-4.944
501070	-4.923
501071	-4.915
501072	-4.931
501073	-4.948
501074	-4.933
501075	-4.92
501076	-4.933
501077	-4.968
501078	-4.98
501079	-4.977
501080	-4.973
501081	-4.965
501082	-4.96
501083	-4.974
501084	-4.989
501085	-4.982
501086	-4.962
501087	-4.967
501088	-4.973
501089	-4.96
501090	-4.955
501091	-4.964
501092	-4.958
501093	-4.971
501094	-4.984
501095	-4.996
501096	-5.003
501097	-4.989
501098	-4.987
501099	-4.999
501100	-5.002
501101	-5.005
501102	-4.996
501103	-5.001
501104	-5.0
501105	-5.02
501106	-5.042
501107	-5.053
501108	-5.044
501109	-5.041
501110	-5.024
501111	-5.021
501112	-5.027
501113	-5.028
501114	-5.02
501115	-5.01
501116	-5.002
501117	-4.998
501118	-4.995
501119	-5.003
501120	-5.02
501121	-5.032
501122	-5.023
501123	-5.022
501124	-5.023
501125	-5.02
501126	-5.002
501127	-4.977
501128	-4.982
501129	-4.98
501130	-4.948
501131	-4.947
501132	-4.964
501133	-4.966
501134	-4.963
501135	-4.968
501136	-4.977
501137	-4.967
501138	-4.966
501139	-4.967
501140	-4.973
501141	-4.967
501142	-4.948
501143	-4.939
501144	-4.941
501145	-4.942
501146	-4.912
501147	-4.897
501148	-4.86
501149	-4.839
501150	-4.843
501151	-4.846
501152	-4.839
501153	-4.841
501154	-4.848
501155	-4.869
501156	-4.866
501157	-4.875
501158	-4.899
501159	-4.911
501160	-4.906
501161	-4.897
501162	-4.897
501163	-4.883
501164	-4.884
501165	-4.897
501166	-4.884
501167	-4.888
501168	-4.885
501169	-4.884
501170	-4.893
501171	-4.901
501172	-4.881
501173	-4.89
501174	-4.895
501175	-4.888
501176	-4.897
501177	-4.91
501178	-4.918
501179	-4.925
501180	-4.909
501181	-4.918
501182	-4.917
501183	-4.92
501184	-4.914
501185	-4.912
501186	-4.916
501187	-4.904
501188	-4.901
501189	-4.902
501190	-4.896
501191	-4.897
501192	-4.91
501193	-4.914
501194	-4.931
501195	-4.945
501196	-4.955
501197	-4.961
501198	-4.966
501199	-4.964
501200	-4.97
501201	-4.968
501202	-4.96
501203	-4.958
501204	-4.96
501205	-4.97
501206	-4.964
501207	-4.982
501208	-4.987
501209	-4.996
501210	-4.993
501211	-4.991
501212	-4.987
501213	-4.974
501214	-4.992
501215	-5.007
501216	-5.008
501217	-5.014
501218	-5.015
501219	-5.012
501220	-5.022
501221	-5.016
501222	-5.021
501223	-5.032
501224	-5.051
501225	-5.059
501226	-5.073
501227	-5.071
501228	-5.084
501229	-5.082
501230	-5.068
501231	-5.083
501232	-5.093
501233	-5.097
501234	-5.106
501235	-5.1
501236	-5.105
501237	-5.126
501238	-5.127
501239	-5.109
501240	-5.119
501241	-5.116
501242	-5.12
501243	-5.119
501244	-5.116
501245	-5.127
501246	-5.116
501247	-5.114
501248	-5.122
501249	-5.138
501250	-5.155
501251	-5.177
501252	-5.193
501253	-5.21
501254	-5.22
501255	-5.224
501256	-5.22
501257	-5.22
501258	-5.22
501259	-5.211
501260	-5.224
501261	-5.238
501262	-5.236
501263	-5.247
501264	-5.252
501265	-5.253
501266	-5.257
501267	-5.258
501268	-5.239
501269	-5.23
501270	-5.229
501271	-5.24
501272	-5.25
501273	-5.253
501274	-5.262
501275	-5.266
501276	-5.265
501277	-5.269
501278	-5.285
501279	-5.304
501280	-5.312
501281	-5.31
501282	-5.308
501283	-5.312
501284	-5.315
501285	-5.32
501286	-5.319
501287	-5.327
501288	-5.338
501289	-5.344
501290	-5.344
501291	-5.343
501292	-5.343
501293	-5.352
501294	-5.358
501295	-5.355
501296	-5.342
501297	-5.337
501298	-5.352
501299	-5.347
501300	-5.343
501301	-5.347
501302	-5.35
501303	-5.354
501304	-5.351
501305	-5.347
501306	-5.351
501307	-5.344
501308	-5.343
501309	-5.339
501310	-5.351
501311	-5.355
501312	-5.354
501313	-5.363
501314	-5.359
501315	-5.356
501316	-5.378
501317	-5.379
501318	-5.368
501319	-5.368
501320	-5.356
501321	-5.337
501322	-5.344
501323	-5.348
501324	-5.36
501325	-5.356
501326	-5.349
501327	-5.333
501328	-5.343
501329	-5.351
501330	-5.357
501331	-5.356
501332	-5.357
501333	-5.363
501334	-5.37
501335	-5.37
501336	-5.382
501337	-5.381
501338	-5.39
501339	-5.376
501340	-5.331
501341	-5.293
501342	-5.283
501343	-5.254
501344	-5.24
501345	-5.245
501346	-5.25
501347	-5.253
501348	-5.231
501349	-5.241
501350	-5.181
501351	-5.185
501352	-5.189
501353	-5.157
501354	-5.145
501355	-5.167
501356	-5.161
501357	-5.178
501358	-5.207
501359	-5.273
501360	-5.281
501361	-5.217
501362	-5.191
501363	-5.169
501364	-5.181
501365	-5.2
501366	-5.193
501367	-5.19
501368	-5.181
501369	-5.144
501370	-5.17
501371	-5.181
501372	-5.191
501373	-5.155
501374	-5.182
501375	-5.171
501376	-5.16
501377	-5.168
501378	-5.157
501379	-5.154
501380	-5.164
501381	-5.167
501382	-5.168
501383	-5.165
501384	-5.174
501385	-5.179
501386	-5.183
501387	-5.186
501388	-5.159
501389	-5.174
501390	-5.178
501391	-5.177
501392	-5.17
501393	-5.174
501394	-5.156
501395	-5.153
501396	-5.127
501397	-5.124
501398	-5.149
501399	-5.127
501400	-5.136
501401	-5.136
501402	-5.157
501403	-5.144
501404	-5.155
501405	-5.164
501406	-5.19
501407	-5.161
501408	-5.179
501409	-5.169
501410	-5.186
501411	-5.17
501412	-5.186
501413	-5.176
501414	-5.163
501415	-5.146
501416	-5.144
501417	-5.159
501418	-5.177
501419	-5.169
501420	-5.168
501421	-5.155
501422	-5.161
501423	-5.154
501424	-5.17
501425	-5.165
501426	-5.173
501427	-5.168
501428	-5.174
501429	-5.147
501430	-5.17
501431	-5.14
